Subj	posit	list	item	prime	pres_C	pres_F	target	presp	tresp
M2L01	6	1	23	1	62	14	2	62	5
M2L01	9	1	16	2	65	77	1	65	5
M2L01	12	1	13	1	10	54	1	10	4
M2L01	15	1	7	1	20	8	2	20	4
M2L01	18	1	20	2	94	224	1	94	5
M2L01	21	1	24	2	17	45	1	17	5
M2L01	24	1	18	2	18	2	2	18	4
M2L01	27	1	21	1	3	12	1	3	3
M2L01	30	1	22	2	12	2	2	12	5
M2L01	33	1	14	2	16	6	2	16	5
M2L01	36	1	5	1	16	78	1	16	5
M2L01	39	1	12	2	72	84	1	72	5
M2L01	42	1	9	1	5	18	1	5	5
M2L01	45	1	19	1	70	10	2	70	5
M2L01	48	1	3	1	33	9	2	33	1
M2L01	51	1	4	2	70	90	1	70	5
M2L01	54	1	10	2	19	2	2	19	3
M2L01	57	1	11	1	40	12	2	40	1
M2L01	60	1	15	1	198	38	2	198	3
M2L01	63	1	2	2	7	2	2	7	3
M2L01	66	1	8	2	35	80	1	35	5
M2L01	69	1	1	1	5	20	1	5	5
M2L01	72	1	17	1	13	63	1	13	5
M2L01	75	1	6	2	13	4	2	13	5
M2L02	6	2	23	2	4	16	2	4	5
M2L02	9	2	16	1	25	32	2	25	1
M2L02	12	2	13	2	85	22	1	85	5
M2L02	15	2	7	2	1	4	2	1	1
M2L02	18	2	20	1	74	200	2	74	1
M2L02	21	2	24	1	19	49	2	19	5
M2L02	24	2	18	1	92	8	1	8	5
M2L02	27	2	21	2	25	9	1	25	5
M2L02	30	2	22	1	56	8	1	56	4
M2L02	33	2	14	1	49	13	1	49	5
M2L02	36	2	5	2	152	62	1	152	5
M2L02	39	2	12	1	27	34	2	34	2
M2L02	42	2	9	2	50	26	1	50	5
M2L02	45	2	19	2	0	12	2	0	5
M2L02	48	2	3	2	1	6	2	1	1
M2L02	51	2	4	1	50	68	2	50	1
M2L02	54	2	10	1	98	8	1	98	5
M2L02	57	2	11	2	4	14	2	4	5
M2L02	60	2	15	2	15	40	2	15	5
M2L02	63	2	2	1	26	8	1	26	5
M2L02	66	2	8	1	25	65	2	25	5
M2L02	69	2	1	2	73	45	1	73	5
M2L02	72	2	17	2	97	25	1	97	5
M2L02	75	2	6	1	86	14	1	86	5
M2L03	6	3	23	1	62	14	1	62	5
M2L03	9	3	16	2	65	77	2	65	1
M2L03	12	3	13	1	10	54	2	10	2
M2L03	15	3	7	1	20	8	1	20	5
M2L03	18	3	20	2	94	224	2	94	4
M2L03	21	3	24	2	17	45	2	17	5
M2L03	24	3	18	2	18	2	1	18	4
M2L03	27	3	21	1	3	12	2	3	3
M2L03	30	3	22	2	12	2	1	12	5
M2L03	33	3	14	2	16	6	1	16	5
M2L03	36	3	5	1	16	78	2	16	5
M2L03	39	3	12	2	72	84	2	72	4
M2L03	42	3	9	1	5	18	2	5	2
M2L03	45	3	19	1	70	10	1	70	5
M2L03	48	3	3	1	33	9	1	33	5
M2L03	51	3	4	2	70	90	2	70	1
M2L03	54	3	10	2	19	2	1	18	5
M2L03	57	3	11	1	40	12	1	40	5
M2L03	60	3	15	1	198	38	1	198	5
M2L03	63	3	2	2	7	2	1	7	5
M2L03	66	3	8	2	35	80	2	35	5
M2L03	69	3	1	1	5	20	2	5	1
M2L03	72	3	17	1	13	63	2	13	4
M2L03	75	3	6	2	13	4	1	13	4
M2L04	6	4	23	2	4	16	1	4	5
M2L04	9	4	16	1	25	32	1	25	4
M2L04	12	4	13	2	85	22	2	85	5
M2L04	15	4	7	2	1	4	1	1	5
M2L04	18	4	20	1	74	200	1	74	5
M2L04	21	4	24	1	19	49	1	19	5
M2L04	24	4	18	1	92	8	2	92	5
M2L04	27	4	21	2	25	9	2	25	5
M2L04	30	4	22	1	56	8	2	56	4
M2L04	33	4	14	1	49	13	2	49	5
M2L04	36	4	5	2	152	62	2	152	5
M2L04	39	4	12	1	27	34	1	27	5
M2L04	42	4	9	2	50	26	2	50	5
M2L04	45	4	19	2	0	12	1	6	5
M2L04	48	4	3	2	1	6	1	1	5
M2L04	51	4	4	1	50	68	1	50	5
M2L04	54	4	10	1	98	8	2	98	5
M2L04	57	4	11	2	4	14	1	4	5
M2L04	60	4	15	2	15	40	1	15	5
M2L04	63	4	2	1	26	8	2	26	4
M2L04	66	4	8	1	25	65	1	25	5
M2L04	69	4	1	2	73	45	2	73	2
M2L04	72	4	17	2	97	25	2	97	5
M2L04	75	4	6	1	86	14	2	86	5
M2L05	6	2	9	2	50	26	1	50	5
M2L05	9	2	22	1	56	8	1	56	3
M2L05	12	2	8	1	25	65	2	25	5
M2L05	15	2	17	2	97	25	1	97	4
M2L05	18	2	14	1	49	13	1	49	4
M2L05	21	2	19	2	0	12	2	0	5
M2L05	24	2	1	2	73	45	1	73	5
M2L05	27	2	16	1	25	32	2	25	1
M2L05	30	2	12	1	27	34	2	27	3
M2L05	33	2	13	2	85	22	1	85	5
M2L05	36	2	2	1	26	8	1	26	1
M2L05	39	2	5	2	152	62	1	152	3
M2L05	42	2	10	1	98	8	1	98	4
M2L05	45	2	23	2	4	16	2	4	4
M2L05	48	2	6	1	86	14	1	86	5
M2L05	51	2	24	1	19	49	2	19	3
M2L05	54	2	3	2	1	6	2	1	4
M2L05	57	2	11	2	4	14	2	4	2
M2L05	60	2	7	2	1	4	2	1	2
M2L05	63	2	18	1	92	8	1	92	5
M2L05	66	2	15	2	15	40	2	15	5
M2L05	69	2	4	1	50	68	2	50	2
M2L05	72	2	21	2	25	9	1	25	5
M2L05	75	2	20	1	74	200	2	74	2
M2L06	6	3	9	1	5	18	2	5	2
M2L06	9	3	22	2	12	2	1	12	5
M2L06	12	3	8	2	35	80	2	35	5
M2L06	15	3	17	1	13	63	2	13	5
M2L06	18	3	14	2	16	6	1	16	2
M2L06	21	3	19	1	70	10	1	70	5
M2L06	24	3	1	1	5	20	2	5	2
M2L06	27	3	16	2	65	77	2	65	1
M2L06	30	3	12	2	72	84	2	72	2
M2L06	33	3	13	1	10	54	2	10	1
M2L06	36	3	2	2	7	2	1	7	4
M2L06	39	3	5	1	16	78	2	16	5
M2L06	42	3	10	2	19	2	1	19	5
M2L06	45	3	23	1	62	14	1	62	4
M2L06	48	3	6	2	13	4	1	13	5
M2L06	51	3	24	2	17	45	2	17	2
M2L06	54	3	3	1	33	9	1	33	5
M2L06	57	3	11	1	40	12	1	40	4
M2L06	60	3	7	1	20	8	1	20	5
M2L06	63	3	18	2	18	2	1	18	2
M2L06	66	3	15	1	198	38	1	198	5
M2L06	69	3	4	2	70	90	2	70	2
M2L06	72	3	21	1	3	12	2	3	5
M2L06	75	3	20	2	94	224	2	94	4
M2L07	6	4	9	2	50	26	2	50	2
M2L07	9	4	22	1	56	8	2	56	4
M2L07	12	4	8	1	25	65	1	25	4
M2L07	15	4	17	2	97	25	2	97	5
M2L07	18	4	14	1	49	13	2	49	4
M2L07	21	4	19	2	0	12	1	0	5
M2L07	24	4	1	2	73	45	2	13	3
M2L07	27	4	16	1	25	32	1	25	5
M2L07	30	4	12	1	27	34	1	27	5
M2L07	33	4	13	2	85	22	2	85	4
M2L07	36	4	2	1	26	8	2	26	4
M2L07	39	4	5	2	152	62	2	152	5
M2L07	42	4	10	1	98	8	2	98	5
M2L07	45	4	23	2	4	16	1	4	5
M2L07	48	4	6	1	86	14	2	86	5
M2L07	51	4	24	1	19	49	1	19	4
M2L07	54	4	3	2	1	6	1	1	4
M2L07	57	4	11	2	4	14	1	4	3
M2L07	60	4	7	2	1	4	1	1	5
M2L07	63	4	18	1	92	8	2	92	2
M2L07	66	4	15	2	15	40	1	15	5
M2L07	69	4	4	1	50	68	1	50	4
M2L07	72	4	21	2	25	9	2	25	5
M2L07	75	4	20	1	74	200	1	74	5
M2L08	6	1	17	1	13	63	1	13	5
M2L08	9	1	15	1	198	38	2	198	5
M2L08	12	1	5	1	16	78	1	16	3
M2L08	15	1	2	2	7	2	2	7	4
M2L08	18	1	11	1	40	12	2	40	4
M2L08	21	1	22	2	12	2	2	12	4
M2L08	24	1	12	2	72	84	1	72	5
M2L08	27	1	19	1	70	10	2	70	5
M2L08	30	1	4	2	70	90	1	70	3
M2L08	33	1	24	2	17	45	1	17	5
M2L08	36	1	23	1	62	14	2	62	4
M2L08	39	1	3	1	33	9	2	33	4
M2L08	42	1	13	1	10	54	1	10	5
M2L08	45	1	18	2	18	2	2	18	2
M2L08	48	1	6	2	13	4	2	13	5
M2L08	51	1	20	2	94	224	1	94	4
M2L08	54	1	9	1	5	18	1	5	4
M2L08	57	1	8	2	35	80	1	35	5
M2L08	60	1	21	1	3	12	1	3	3
M2L08	63	1	14	2	16	6	2	16	4
M2L08	66	1	16	2	65	77	1	65	4
M2L08	69	1	10	2	19	2	2	19	2
M2L08	72	1	7	1	20	8	2	20	2
M2L08	75	1	1	1	5	20	1	5	5
M2L09	6	1	9	1	5	18	1	5	5
M2L09	9	1	22	2	12	2	2	2	3
M2L09	12	1	8	2	35	80	1	35	5
M2L09	15	1	17	1	13	63	1	13	5
M2L09	18	1	14	2	16	6	2	16	5
M2L09	21	1	19	1	70	10	2	74	5
M2L09	24	1	1	1	5	20	1	5	5
M2L09	27	1	16	2	65	77	1	66	5
M2L09	30	1	12	2	72	84	1	72	5
M2L09	33	1	13	1	10	54	1	10	5
M2L09	36	1	2	2	7	2	2	7	1
M2L09	39	1	5	1	16	78	1	16	5
M2L09	42	1	10	2	19	2	2	19	2
M2L09	45	1	23	1	62	14	2	62	4
M2L09	48	1	6	2	13	4	2	13	5
M2L09	51	1	24	2	17	45	1	17	5
M2L09	54	1	3	1	33	9	2	33	2
M2L09	57	1	11	1	40	12	2	40	2
M2L09	60	1	7	1	20	8	2	20	3
M2L09	63	1	18	2	18	2	2	18	4
M2L09	66	1	15	1	198	38	2	100	5
M2L09	69	1	4	2	70	90	1	70	5
M2L09	72	1	21	1	3	12	1	3	5
M2L09	75	1	20	2	94	224	1	94	5
M2L10	6	4	17	2	97	25	2	97	4
M2L10	9	4	15	2	15	40	1	15	5
M2L10	12	4	5	2	152	62	2	152	4
M2L10	15	4	2	1	26	8	2	26	2
M2L10	18	4	11	2	4	14	1	4	5
M2L10	21	4	22	1	56	8	2	56	4
M2L10	24	4	12	1	27	34	1	27	5
M2L10	27	4	19	2	0	12	1	0	5
M2L10	30	4	4	1	50	68	1	50	4
M2L10	33	4	24	1	19	49	1	19	4
M2L10	36	4	23	2	4	16	1	4	5
M2L10	39	4	3	2	1	6	1	1	5
M2L10	42	4	13	2	85	22	2	45	2
M2L10	45	4	18	1	92	8	2	92	3
M2L10	48	4	6	1	86	14	2	86	5
M2L10	51	4	20	1	74	200	1	74	5
M2L10	54	4	9	2	50	26	2	50	2
M2L10	57	4	8	1	25	65	1	25	5
M2L10	60	4	21	2	25	9	2	25	3
M2L10	63	4	14	1	49	13	2	49	5
M2L10	66	4	16	1	25	32	1	25	5
M2L10	69	4	10	1	98	8	2	98	5
M2L10	72	4	7	2	1	4	1	2	5
M2L10	75	4	1	2	73	45	2	73	2
M2L11	6	2	17	2	97	25	1	97	2
M2L11	9	2	15	2	15	40	2	15	5
M2L11	12	2	5	2	152	62	1	152	2
M2L11	15	2	2	1	26	8	1	26	5
M2L11	18	2	11	2	4	14	2	4	4
M2L11	21	2	22	1	56	8	1	56	4
M2L11	24	2	12	1	27	34	2	27	2
M2L11	27	2	19	2	0	12	2	0	5
M2L11	30	2	4	1	50	68	2	50	2
M2L11	33	2	24	1	19	49	2	19	4
M2L11	36	2	23	2	4	16	2	4	5
M2L11	39	2	3	2	1	6	2	1	4
M2L11	42	2	13	2	85	22	1	85	4
M2L11	45	2	18	1	92	8	1	92	4
M2L11	48	2	6	1	86	14	1	86	5
M2L11	51	2	20	1	74	200	2	74	1
M2L11	54	2	9	2	50	26	1	50	5
M2L11	57	2	8	1	25	65	2	25	5
M2L11	60	2	21	2	25	9	1	25	4
M2L11	63	2	14	1	49	13	1	49	5
M2L11	66	2	16	1	25	32	2	25	2
M2L11	69	2	10	1	98	8	1	98	5
M2L11	72	2	7	2	1	4	2	1	2
M2L11	75	2	1	2	73	45	1	73	5
M2L12	6	3	17	1	13	63	2	13	5
M2L12	9	3	15	1	198	38	1	198	5
M2L12	12	3	5	1	16	78	2	16	4
M2L12	15	3	2	2	7	2	1	7	3
M2L12	18	3	11	1	40	12	1	39	4
M2L12	21	3	22	2	12	2	1	12	5
M2L12	24	3	12	2	72	84	2	72	3
M2L12	27	3	19	1	70	10	1	70	5
M2L12	30	3	4	2	70	90	2	70	4
M2L12	33	3	24	2	17	45	2	17	5
M2L12	36	3	23	1	62	14	1	62	4
M2L12	39	3	3	1	33	9	1	33	5
M2L12	42	3	13	1	10	54	2	10	2
M2L12	45	3	18	2	18	2	1	18	2
M2L12	48	3	6	2	13	4	1	13	5
M2L12	51	3	20	2	94	224	2	94	2
M2L12	54	3	9	1	5	18	2	5	3
M2L12	57	3	8	2	35	80	2	35	5
M2L12	60	3	21	1	3	12	2	3	2
M2L12	63	3	14	2	16	6	1	16	4
M2L12	66	3	16	2	65	77	2	65	2
M2L12	69	3	10	2	19	2	1	19	4
M2L12	72	3	7	1	20	8	1	20	5
M2L12	75	3	1	1	5	20	2	10	2
M2L13	6	1	23	1	62	14	2	62	5
M2L13	9	1	16	2	65	77	1	65	5
M2L13	12	1	13	1	10	54	1	10	2
M2L13	15	1	7	1	20	8	2	20	1
M2L13	18	1	20	2	94	224	1	94	5
M2L13	21	1	24	2	17	45	1	17	5
M2L13	24	1	18	2	18	2	2	18	1
M2L13	27	1	21	1	3	12	1	3	3
M2L13	30	1	22	2	12	2	2	12	4
M2L13	33	1	14	2	16	6	2	16	5
M2L13	36	1	5	1	16	78	1	16	5
M2L13	39	1	12	2	72	84	1	72	5
M2L13	42	1	9	1	5	18	1	5	5
M2L13	45	1	19	1	70	10	2	70	5
M2L13	48	1	3	1	33	9	2	33	2
M2L13	51	1	4	2	70	90	1	70	5
M2L13	54	1	10	2	19	2	2	19	5
M2L13	57	1	11	1	40	12	2	40	5
M2L13	60	1	15	1	198	38	2	198	5
M2L13	63	1	2	2	7	2	2	7	4
M2L13	66	1	8	2	35	80	1	35	4
M2L13	69	1	1	1	5	20	1	5	5
M2L13	72	1	17	1	13	63	1	13	5
M2L13	75	1	6	2	13	4	2	13	3
M2L14	6	2	23	2	4	16	2	4	2
M2L14	9	2	16	1	25	32	2	25	1
M2L14	12	2	13	2	85	22	1	85	5
M2L14	15	2	7	2	1	4	2	1	2
M2L14	18	2	20	1	74	200	2	74	5
M2L14	21	2	24	1	19	49	2	19	3
M2L14	24	2	18	1	92	8	1	92	3
M2L14	27	2	21	2	25	9	1	25	1
M2L14	30	2	22	1	56	8	1	56	4
M2L14	33	2	14	1	49	13	1	49	4
M2L14	36	2	5	2	152	62	1	152	2
M2L14	39	2	12	1	27	34	2	27	4
M2L14	42	2	9	2	50	26	1	50	2
M2L14	45	2	19	2	0	12	2	0	5
M2L14	48	2	3	2	1	6	2	1	4
M2L14	51	2	4	1	50	68	2	50	2
M2L14	54	2	10	1	98	8	1	98	4
M2L14	57	2	11	2	4	14	2	4	3
M2L14	60	2	15	2	15	40	2	15	5
M2L14	63	2	2	1	26	8	1	26	4
M2L14	66	2	8	1	25	65	2	25	5
M2L14	69	2	1	2	73	45	1	73	5
M2L14	72	2	17	2	97	25	1	97	3
M2L14	75	2	6	1	86	14	1	182	5
M2L15	6	3	23	1	62	14	1	62	5
M2L15	9	3	16	2	65	77	2	65	1
M2L15	12	3	13	1	10	54	2	10	1
M2L15	15	3	7	1	20	8	1	20	5
M2L15	18	3	20	2	94	224	2	94	3
M2L15	21	3	24	2	17	45	2	17	4
M2L15	24	3	18	2	18	2	1	18	5
M2L15	27	3	21	1	3	12	2	3	1
M2L15	30	3	22	2	12	2	1	12	5
M2L15	33	3	14	2	16	6	1	16	1
M2L15	36	3	5	1	16	78	2	16	4
M2L15	39	3	12	2	72	84	2	72	2
M2L15	42	3	9	1	5	18	2	5	1
M2L15	45	3	19	1	70	10	1	70	5
M2L15	48	3	3	1	33	9	1	33	5
M2L15	51	3	4	2	70	90	2	70	3
M2L15	54	3	10	2	19	2	1	19	5
M2L15	57	3	11	1	40	12	1	40	5
M2L15	60	3	15	1	198	38	1	198	5
M2L15	63	3	2	2	7	2	1	7	4
M2L15	66	3	8	2	35	80	2	35	5
M2L15	69	3	1	1	5	20	2	5	1
M2L15	72	3	17	1	13	63	2	13	5
M2L15	75	3	6	2	13	4	1	13	5
M2L16	6	4	23	2	4	16	1	4	5
M2L16	9	4	16	1	25	32	1	25	5
M2L16	12	4	13	2	85	22	2	85	3
M2L16	15	4	7	2	1	4	1	1	4
M2L16	18	4	20	1	74	200	1	74	4
M2L16	21	4	24	1	19	49	1	19	5
M2L16	24	4	18	1	92	8	2	92	3
M2L16	27	4	21	2	25	9	2	25	3
M2L16	30	4	22	1	56	8	2	56	2
M2L16	33	4	14	1	49	13	2	49	5
M2L16	36	4	5	2	152	62	2	152	5
M2L16	39	4	12	1	27	34	1	27	5
M2L16	42	4	9	2	50	26	2	50	3
M2L16	45	4	19	2	0	12	1	0	5
M2L16	48	4	3	2	1	6	1	1	4
M2L16	51	4	4	1	50	68	1	50	5
M2L16	54	4	10	1	98	8	2	98	4
M2L16	57	4	11	2	4	14	1	4	2
M2L16	60	4	15	2	15	40	1	15	4
M2L16	63	4	2	1	26	8	2	26	1
M2L16	66	4	8	1	25	65	1	25	5
M2L16	69	4	1	2	73	45	2	73	2
M2L16	72	4	17	2	97	25	2	97	5
M2L16	75	4	6	1	86	14	2	86	4
M2L17	6	4	9	2	50	26	2	50	3
M2L17	9	4	22	1	56	8	2	56	4
M2L17	12	4	8	1	25	65	1	25	5
M2L17	15	4	17	2	97	25	2	97	5
M2L17	18	4	14	1	49	13	2	49	5
M2L17	21	4	19	2	0	12	1	0	5
M2L17	24	4	1	2	73	45	2	73	2
M2L17	27	4	16	1	25	32	1	25	5
M2L17	30	4	12	1	27	34	1	27	5
M2L17	33	4	13	2	85	22	2	85	3
M2L17	36	4	2	1	26	8	2	26	3
M2L17	39	4	5	2	152	62	2	152	5
M2L17	42	4	10	1	98	8	2	98	5
M2L17	45	4	23	2	4	16	1	4	4
M2L17	48	4	6	1	86	14	2	86	5
M2L17	51	4	24	1	19	49	1	19	5
M2L17	54	4	3	2	1	6	1	1	5
M2L17	57	4	11	2	4	14	1	4	4
M2L17	60	4	7	2	1	4	1	1	5
M2L17	63	4	18	1	92	8	2	92	4
M2L17	66	4	15	2	15	40	1	15	5
M2L17	69	4	4	1	50	68	1	50	4
M2L17	72	4	21	2	25	9	2	25	4
M2L17	75	4	20	1	74	200	1	74	5
M2L18	6	3	9	1	5	18	2	5	3
M2L18	9	3	22	2	12	2	1	12	5
M2L18	12	3	8	2	35	80	2	35	5
M2L18	15	3	17	1	13	63	2	13	5
M2L18	18	3	14	2	16	6	1	16	5
M2L18	21	3	19	1	70	10	1	36	5
M2L18	24	3	1	1	5	20	2	5	2
M2L18	27	3	16	2	65	77	2	65	1
M2L18	30	3	12	2	72	84	2	72	5
M2L18	33	3	13	1	10	54	2	10	3
M2L18	36	3	2	2	7	2	1	7	5
M2L18	39	3	5	1	16	78	2	16	5
M2L18	42	3	10	2	19	2	1	19	5
M2L18	45	3	23	1	62	14	1	62	5
M2L18	48	3	6	2	13	4	1	13	5
M2L18	51	3	24	2	17	45	2	17	5
M2L18	54	3	3	1	33	9	1	33	5
M2L18	57	3	11	1	40	12	1	40	5
M2L18	60	3	7	1	20	8	1	20	5
M2L18	63	3	18	2	18	2	1	18	4
M2L18	66	3	15	1	198	38	1	198	5
M2L18	69	3	4	2	70	90	2	70	3
M2L18	72	3	21	1	3	12	2	3	3
M2L18	75	3	20	2	94	224	2	94	2
M2L19	6	1	9	1	5	18	1	5	5
M2L19	9	1	22	2	12	2	2	12	4
M2L19	12	1	8	2	35	80	1	35	5
M2L19	15	1	17	1	13	63	1	13	4
M2L19	18	1	14	2	16	6	2	16	5
M2L19	21	1	19	1	70	10	2	70	4
M2L19	24	1	1	1	5	20	1	5	5
M2L19	27	1	16	2	65	77	1	65	5
M2L19	30	1	12	2	72	84	1	72	5
M2L19	33	1	13	1	10	54	1	10	4
M2L19	36	1	2	2	7	2	2	7	3
M2L19	39	1	5	1	16	78	1	16	4
M2L19	42	1	10	2	19	2	2	19	5
M2L19	45	1	23	1	62	14	2	62	4
M2L19	48	1	6	2	13	4	2	13	5
M2L19	51	1	24	2	17	45	1	17	5
M2L19	54	1	3	1	33	9	2	33	3
M2L19	57	1	11	1	40	12	2	40	4
M2L19	60	1	7	1	20	8	2	20	2
M2L19	63	1	18	2	18	2	2	18	3
M2L19	66	1	15	1	198	38	2	198	5
M2L19	69	1	4	2	70	90	1	70	2
M2L19	72	1	21	1	3	12	1	3	5
M2L19	75	1	20	2	94	224	1	94	5
M2L20	6	2	9	2	50	26	1	26	5
M2L20	9	2	22	1	56	8	1	56	5
M2L20	12	2	8	1	25	65	2	25	5
M2L20	15	2	17	2	97	25	1	97	4
M2L20	18	2	14	1	49	13	1	48	2
M2L20	21	2	19	2	0	12	2	0	5
M2L20	24	2	1	2	73	45	1	73	5
M2L20	27	2	16	1	25	32	2	25	2
M2L20	30	2	12	1	27	34	2	27	1
M2L20	33	2	13	2	85	22	1	85	5
M2L20	36	2	2	1	26	8	1	26	5
M2L20	39	2	5	2	152	62	1	152	5
M2L20	42	2	10	1	98	8	1	98	5
M2L20	45	2	23	2	4	16	2	4	5
M2L20	48	2	6	1	86	14	1	86	5
M2L20	51	2	24	1	19	49	2	19	3
M2L20	54	2	3	2	1	6	2	1	3
M2L20	57	2	11	2	4	14	2	4	5
M2L20	60	2	7	2	1	4	2	1	4
M2L20	63	2	18	1	92	8	1	92	3
M2L20	66	2	15	2	15	40	2	15	5
M2L20	69	2	4	1	50	68	2	50	2
M2L20	72	2	21	2	25	9	1	9	5
M2L20	75	2	20	1	74	200	2	74	2
M2L21	6	4	17	2	97	25	2	97	5
M2L21	9	4	15	2	15	40	1	15	5
M2L21	12	4	5	2	152	62	2	152	5
M2L21	15	4	2	1	26	8	2	26	4
M2L21	18	4	11	2	4	14	1	4	5
M2L21	21	4	22	1	56	8	2	56	5
M2L21	24	4	12	1	27	34	1	27	5
M2L21	27	4	19	2	0	12	1	0	5
M2L21	30	4	4	1	50	68	1	50	5
M2L21	33	4	24	1	19	49	1	19	5
M2L21	36	4	23	2	4	16	1	4	5
M2L21	39	4	3	2	1	6	1	1	5
M2L21	42	4	13	2	85	22	2	85	2
M2L21	45	4	18	1	92	8	2	92	3
M2L21	48	4	6	1	86	14	2	82	5
M2L21	51	4	20	1	74	200	1	74	5
M2L21	54	4	9	2	50	26	2	50	2
M2L21	57	4	8	1	25	65	1	25	5
M2L21	60	4	21	2	25	9	2	25	4
M2L21	63	4	14	1	49	13	2	49	5
M2L21	66	4	16	1	25	32	1	25	5
M2L21	69	4	10	1	98	8	2	98	5
M2L21	72	4	7	2	1	4	1	1	5
M2L21	75	4	1	2	73	45	2	73	2
M2L22	6	1	17	1	13	63	1	13	4
M2L22	9	1	15	1	198	38	2	198	1
M2L22	12	1	5	1	16	78	1	16	3
M2L22	15	1	2	2	7	2	2	7	3
M2L22	18	1	11	1	40	12	2	40	4
M2L22	21	1	22	2	12	2	2	12	4
M2L22	24	1	12	2	72	84	1	72	5
M2L22	27	1	19	1	70	10	2	70	5
M2L22	30	1	4	2	70	90	1	70	5
M2L22	33	1	24	2	17	45	1	17	4
M2L22	36	1	23	1	62	14	2	62	5
M2L22	39	1	3	1	33	9	2	33	2
M2L22	42	1	13	1	10	54	1	10	5
M2L22	45	1	18	2	18	2	2	18	4
M2L22	48	1	6	2	13	4	2	13	5
M2L22	51	1	20	2	94	224	1	94	4
M2L22	54	1	9	1	5	18	1	5	5
M2L22	57	1	8	2	35	80	1	35	5
M2L22	60	1	21	1	3	12	1	3	4
M2L22	63	1	14	2	16	6	2	16	5
M2L22	66	1	16	2	65	77	1	65	5
M2L22	69	1	10	2	19	2	2	19	5
M2L22	72	1	7	1	20	8	2	20	2
M2L22	75	1	1	1	5	20	1	5	5
M2L23	6	2	17	2	97	25	1	97	5
M2L23	9	2	15	2	15	40	2	15	5
M2L23	12	2	5	2	152	62	1	152	4
M2L23	15	2	2	1	26	8	1	26	4
M2L23	18	2	11	2	4	14	2	4	4
M2L23	21	2	22	1	56	8	1	56	4
M2L23	24	2	12	1	27	34	2	27	4
M2L23	27	2	19	2	0	12	2	0	5
M2L23	30	2	4	1	50	68	2	50	4
M2L23	33	2	24	1	19	49	2	19	4
M2L23	36	2	23	2	4	16	2	4	4
M2L23	39	2	3	2	1	6	2	1	4
M2L23	42	2	13	2	85	22	1	85	5
M2L23	45	2	18	1	92	8	1	92	5
M2L23	48	2	6	1	86	14	1	86	5
M2L23	51	2	20	1	74	200	2	74	4
M2L23	54	2	9	2	50	26	1	50	5
M2L23	57	2	8	1	25	65	2	25	5
M2L23	60	2	21	2	25	9	1	25	5
M2L23	63	2	14	1	49	13	1	49	5
M2L23	66	2	16	1	25	32	2	25	3
M2L23	69	2	10	1	98	8	1	98	5
M2L23	72	2	7	2	1	4	2	1	4
M2L23	75	2	1	2	73	45	1	73	4
M2L24	6	1	23	1	62	14	2	62	5
M2L24	9	1	16	2	65	77	1	65	5
M2L24	12	1	13	1	10	54	1	10	4
M2L24	15	1	7	1	20	8	2	20	2
M2L24	18	1	20	2	94	224	1	94	4
M2L24	21	1	24	2	17	45	1	17	4
M2L24	24	1	18	2	18	2	2	18	3
M2L24	27	1	21	1	3	12	1	3	5
M2L24	30	1	22	2	12	2	2	12	3
M2L24	33	1	14	2	16	6	2	16	4
M2L24	36	1	5	1	16	78	1	16	4
M2L24	39	1	12	2	72	84	1	72	3
M2L24	42	1	9	1	5	18	1	70	5
M2L24	45	1	19	1	70	10	2	70	5
M2L24	48	1	3	1	33	9	2	33	4
M2L24	51	1	4	2	70	90	1	70	2
M2L24	54	1	10	2	19	2	2	19	4
M2L24	57	1	11	1	40	12	2	40	3
M2L24	60	1	15	1	198	38	2	198	5
M2L24	63	1	2	2	7	2	2	7	3
M2L24	66	1	8	2	35	80	1	35	5
M2L24	69	1	1	1	5	20	1	5	4
M2L24	72	1	17	1	13	63	1	13	3
M2L24	75	1	6	2	13	4	2	13	5
M2L25	6	4	23	2	4	16	1	4	2
M2L25	9	4	16	1	25	32	1	25	4
M2L25	12	4	13	2	85	22	2	85	1
M2L25	15	4	7	2	1	4	1	1	4
M2L25	18	4	20	1	74	200	1	74	5
M2L25	21	4	24	1	19	49	1	19	5
M2L25	24	4	18	1	92	8	2	92	3
M2L25	27	4	21	2	25	9	2	25	2
M2L25	30	4	22	1	56	8	2	56	3
M2L25	33	4	14	1	49	13	2	49	5
M2L25	36	4	5	2	152	62	2	152	4
M2L25	39	4	12	1	27	34	1	27	4
M2L25	42	4	9	2	50	26	2	50	1
M2L25	45	4	19	2	0	12	1	0	4
M2L25	48	4	3	2	1	6	1	1	4
M2L25	51	4	4	1	50	68	1	50	5
M2L25	54	4	10	1	98	8	2	98	5
M2L25	57	4	11	2	4	14	1	4	5
M2L25	60	4	15	2	15	40	1	15	4
M2L25	63	4	2	1	26	8	2	26	1
M2L25	66	4	8	1	25	65	1	25	5
M2L25	69	4	1	2	73	45	2	73	2
M2L25	72	4	17	2	97	25	2	97	4
M2L25	75	4	6	1	86	14	2	86	4
M2L26	6	3	17	1	13	63	2	13	5
M2L26	9	3	15	1	198	38	1	198	5
M2L26	12	3	5	1	16	78	2	16	3
M2L26	15	3	2	2	7	2	1	7	5
M2L26	18	3	11	1	40	12	1	40	3
M2L26	21	3	22	2	12	2	1	12	5
M2L26	24	3	12	2	72	84	2	72	2
M2L26	27	3	19	1	70	10	1	70	5
M2L26	30	3	4	2	70	90	2	70	2
M2L26	33	3	24	2	17	45	2	17	3
M2L26	36	3	23	1	62	14	1	62	4
M2L26	39	3	3	1	33	9	1	33	5
M2L26	42	3	13	1	10	54	2	10	1
M2L26	45	3	18	2	18	2	1	45	4
M2L26	48	3	6	2	13	4	1	18	2
M2L26	51	3	20	2	94	224	2	94	3
M2L26	54	3	9	1	5	18	2	5	1
M2L26	57	3	8	2	35	80	2	35	5
M2L26	60	3	21	1	3	12	2	3	2
M2L26	63	3	14	2	16	6	1	16	5
M2L26	66	3	16	2	65	77	2	65	2
M2L26	69	3	10	2	19	2	1	19	4
M2L26	72	3	7	1	20	8	1	20	5
M2L26	75	3	1	1	5	20	2	5	2
M2L27	6	3	23	1	62	14	1	62	5
M2L27	9	3	16	2	65	77	2	65	2
M2L27	12	3	13	1	10	54	2	10	3
M2L27	15	3	7	1	20	8	1	20	5
M2L27	18	3	20	2	94	224	2	94	3
M2L27	21	3	24	2	17	45	2	17	3
M2L27	24	3	18	2	18	2	1	18	3
M2L27	27	3	21	1	3	12	2	3	2
M2L27	30	3	22	2	12	2	1	12	5
M2L27	33	3	14	2	16	6	1	16	5
M2L27	36	3	5	1	16	78	2	16	5
M2L27	39	3	12	2	72	84	2	72	3
M2L27	42	3	9	1	5	18	2	5	2
M2L27	45	3	19	1	70	10	1	70	5
M2L27	48	3	3	1	33	9	1	33	5
M2L27	51	3	4	2	70	90	2	70	3
M2L27	54	3	10	2	19	2	1	19	5
M2L27	57	3	11	1	40	12	1	40	4
M2L27	60	3	15	1	198	38	1	198	5
M2L27	63	3	2	2	7	2	1	7	5
M2L27	66	3	8	2	35	80	2	35	5
M2L27	69	3	1	1	5	20	2	5	2
M2L27	72	3	17	1	13	63	2	13	3
M2L27	75	3	6	2	13	4	1	13	5
M2L28	6	2	23	2	4	16	2	4	5
M2L28	9	2	16	1	25	32	2	25	1
M2L28	12	2	13	2	85	22	1	85	5
M2L28	15	2	7	2	1	4	2	1	3
M2L28	18	2	20	1	74	200	2	74	2
M2L28	21	2	24	1	19	49	2	19	5
M2L28	24	2	18	1	92	8	1	92	4
M2L28	27	2	21	2	25	9	1	25	5
M2L28	30	2	22	1	56	8	1	56	5
M2L28	33	2	14	1	49	13	1	49	5
M2L28	36	2	5	2	152	62	1	152	4
M2L28	39	2	12	1	27	34	2	27	2
M2L28	42	2	9	2	50	26	1	50	5
M2L28	45	2	19	2	0	12	2	1	5
M2L28	48	2	3	2	1	6	2	1	4
M2L28	51	2	4	1	50	68	2	50	3
M2L28	54	2	10	1	98	8	1	98	5
M2L28	57	2	11	2	4	14	2	4	5
M2L28	60	2	15	2	15	40	2	15	5
M2L28	63	2	2	1	26	8	1	26	4
M2L28	66	2	8	1	25	65	2	25	5
M2L28	69	2	1	2	73	45	1	73	5
M2L28	72	2	17	2	97	25	1	97	5
M2L28	75	2	6	1	86	14	1	86	5
M2L29	6	1	9	1	5	18	1	5	4
M2L29	9	1	22	2	12	2	2	12	2
M2L29	12	1	8	2	35	80	1	35	5
M2L29	15	1	17	1	13	63	1	13	5
M2L29	18	1	14	2	16	6	2	16	5
M2L29	21	1	19	1	70	10	2	70	5
M2L29	24	1	1	1	5	20	1	5	4
M2L29	27	1	16	2	65	77	1	65	3
M2L29	30	1	12	2	72	84	1	72	4
M2L29	33	1	13	1	10	54	1	10	3
M2L29	36	1	2	2	7	2	2	7	4
M2L29	39	1	5	1	16	78	1	16	3
M2L29	42	1	10	2	19	2	2	19	4
M2L29	45	1	23	1	62	14	2	62	4
M2L29	48	1	6	2	13	4	2	13	3
M2L29	51	1	24	2	17	45	1	17	4
M2L29	54	1	3	1	33	9	2	33	1
M2L29	57	1	11	1	40	12	2	40	2
M2L29	60	1	7	1	20	8	2	20	2
M2L29	63	1	18	2	18	2	2	18	3
M2L29	66	1	15	1	198	38	2	198	5
M2L29	69	1	4	2	70	90	1	70	4
M2L29	72	1	21	1	3	12	1	3	3
M2L29	75	1	20	2	94	224	1	84	4
M2L30	6	2	9	2	50	26	1	50	4
M2L30	9	2	22	1	56	8	1	56	4
M2L30	12	2	8	1	25	65	2	25	4
M2L30	15	2	17	2	97	25	1	97	4
M2L30	18	2	14	1	49	13	1	49	5
M2L30	21	2	19	2	0	12	2	0	5
M2L30	24	2	1	2	73	45	1	73	5
M2L30	27	2	16	1	25	32	2	25	2
M2L30	30	2	12	1	27	34	2	27	3
M2L30	33	2	13	2	85	22	1	85	4
M2L30	36	2	2	1	26	8	1	26	3
M2L30	39	2	5	2	152	62	1	152	3
M2L30	42	2	10	1	98	8	1	98	4
M2L30	45	2	23	2	4	16	2	4	5
M2L30	48	2	6	1	86	14	1	86	5
M2L30	51	2	24	1	19	49	2	19	3
M2L30	54	2	3	2	1	6	2	1	5
M2L30	57	2	11	2	4	14	2	4	4
M2L30	60	2	7	2	1	4	2	1	3
M2L30	63	2	18	1	92	8	1	92	3
M2L30	66	2	15	2	15	40	2	15	4
M2L30	69	2	4	1	50	68	2	50	2
M2L30	72	2	21	2	25	9	1	29	4
M2L30	75	2	20	1	74	200	2	74	4
M2L31	6	3	9	1	5	18	2	5	4
M2L31	9	3	22	2	12	2	1	12	5
M2L31	12	3	8	2	35	80	2	35	5
M2L31	15	3	17	1	13	63	2	13	4
M2L31	18	3	14	2	16	6	1	16	1
M2L31	21	3	19	1	70	10	1	70	5
M2L31	24	3	1	1	5	20	2	5	2
M2L31	27	3	16	2	65	77	2	65	2
M2L31	30	3	12	2	72	84	2	72	2
M2L31	33	3	13	1	10	54	2	10	1
M2L31	36	3	2	2	7	2	1	7	5
M2L31	39	3	5	1	16	78	2	16	3
M2L31	42	3	10	2	19	2	1	19	1
M2L31	45	3	23	1	62	14	1	62	3
M2L31	48	3	6	2	13	4	1	13	5
M2L31	51	3	24	2	17	45	2	17	5
M2L31	54	3	3	1	33	9	1	33	5
M2L31	57	3	11	1	40	12	1	40	5
M2L31	60	3	7	1	20	8	1	20	5
M2L31	63	3	18	2	18	2	1	18	4
M2L31	66	3	15	1	198	38	1	198	5
M2L31	69	3	4	2	70	90	2	70	3
M2L31	72	3	21	1	3	12	2	3	5
M2L31	75	3	20	2	94	224	2	94	3
M2L32	6	4	9	2	50	26	2	50	2
M2L32	9	4	22	1	56	8	2	56	1
M2L32	12	4	8	1	25	65	1	25	5
M2L32	15	4	17	2	97	25	2	97	5
M2L32	18	4	14	1	49	13	2	49	4
M2L32	21	4	19	2	0	12	1	0	5
M2L32	24	4	1	2	73	45	2	73	1
M2L32	27	4	16	1	25	32	1	25	5
M2L32	30	4	12	1	27	34	1	27	5
M2L32	33	4	13	2	85	22	2	85	2
M2L32	36	4	2	1	26	8	2	26	3
M2L32	39	4	5	2	152	62	2	152	5
M2L32	42	4	10	1	98	8	2	98	5
M2L32	45	4	23	2	4	16	1	-1	5
M2L32	48	4	6	1	86	14	2	86	4
M2L32	51	4	24	1	19	49	1	19	5
M2L32	54	4	3	2	1	6	1	1	5
M2L32	57	4	11	2	4	14	1	4	4
M2L32	60	4	7	2	1	4	1	1	4
M2L32	63	4	18	1	92	8	2	92	1
M2L32	66	4	15	2	15	40	1	15	5
M2L32	69	4	4	1	50	68	1	50	5
M2L32	72	4	21	2	25	9	2	25	4
M2L32	75	4	20	1	74	200	1	74	5
M2L33	6	1	17	1	13	63	1	13	5
M2L33	9	1	15	1	198	38	2	100	5
M2L33	12	1	5	1	16	78	1	16	4
M2L33	15	1	2	2	7	2	2	7	3
M2L33	18	1	11	1	40	12	2	40	4
M2L33	21	1	22	2	12	2	2	12	3
M2L33	24	1	12	2	72	84	1	72	5
M2L33	27	1	19	1	70	10	2	70	5
M2L33	30	1	4	2	70	90	1	70	4
M2L33	33	1	24	2	17	45	1	17	4
M2L33	36	1	23	1	62	14	2	62	3
M2L33	39	1	3	1	33	9	2	33	3
M2L33	42	1	13	1	10	54	1	10	5
M2L33	45	1	18	2	18	2	2	18	3
M2L33	48	1	6	2	13	4	2	13	5
M2L33	51	1	20	2	94	224	1	94	4
M2L33	54	1	9	1	5	18	1	5	5
M2L33	57	1	8	2	35	80	1	35	4
M2L33	60	1	21	1	3	12	1	3	4
M2L33	63	1	14	2	16	6	2	16	4
M2L33	66	1	16	2	65	77	1	65	5
M2L33	69	1	10	2	19	2	2	19	5
M2L33	72	1	7	1	20	8	2	20	4
M2L33	75	1	1	1	5	20	1	5	5
M2L34	6	2	17	2	97	25	1	97	4
M2L34	9	2	15	2	15	40	2	15	5
M2L34	12	2	5	2	152	62	1	152	5
M2L34	15	2	2	1	26	8	1	26	5
M2L34	18	2	11	2	4	14	2	4	5
M2L34	21	2	22	1	56	8	1	56	5
M2L34	24	2	12	1	27	34	2	27	2
M2L34	27	2	19	2	0	12	2	0	5
M2L34	30	2	4	1	50	68	2	50	2
M2L34	33	2	24	1	19	49	2	19	4
M2L34	36	2	23	2	4	16	2	4	5
M2L34	39	2	3	2	1	6	2	1	3
M2L34	42	2	13	2	85	22	1	85	2
M2L34	45	2	18	1	92	8	1	92	4
M2L34	48	2	6	1	86	14	1	86	5
M2L34	51	2	20	1	74	200	2	74	1
M2L34	54	2	9	2	50	26	1	50	5
M2L34	57	2	8	1	25	65	2	25	5
M2L34	60	2	21	2	25	9	1	25	3
M2L34	63	2	14	1	49	13	1	49	3
M2L34	66	2	16	1	25	32	2	25	1
M2L34	69	2	10	1	98	8	1	98	5
M2L34	72	2	7	2	1	4	2	1	3
M2L34	75	2	1	2	73	45	1	73	4
M2L35	6	3	17	1	13	63	2	13	5
M2L35	9	3	15	1	198	38	1	198	5
M2L35	12	3	5	1	16	78	2	16	5
M2L35	15	3	2	2	7	2	1	7	5
M2L35	18	3	11	1	40	12	1	40	5
M2L35	21	3	22	2	12	2	1	12	5
M2L35	24	3	12	2	72	84	2	72	4
M2L35	27	3	19	1	70	10	1	70	5
M2L35	30	3	4	2	70	90	2	70	4
M2L35	33	3	24	2	17	45	2	17	5
M2L35	36	3	23	1	62	14	1	62	5
M2L35	39	3	3	1	33	9	1	33	5
M2L35	42	3	13	1	10	54	2	10	2
M2L35	45	3	18	2	18	2	1	18	4
M2L35	48	3	6	2	13	4	1	13	4
M2L35	51	3	20	2	94	224	2	94	3
M2L35	54	3	9	1	5	18	2	5	2
M2L35	57	3	8	2	35	80	2	35	5
M2L35	60	3	21	1	3	12	2	3	3
M2L35	63	3	14	2	16	6	1	8	5
M2L35	66	3	16	2	65	77	2	65	3
M2L35	69	3	10	2	19	2	1	19	3
M2L35	72	3	7	1	20	8	1	20	5
M2L35	75	3	1	1	5	20	2	5	2
M2L36	6	4	17	2	97	25	2	97	5
M2L36	9	4	15	2	15	40	1	15	4
M2L36	12	4	5	2	152	62	2	152	5
M2L36	15	4	2	1	26	8	2	26	3
M2L36	18	4	11	2	4	14	1	4	4
M2L36	21	4	22	1	56	8	2	56	5
M2L36	24	4	12	1	27	34	1	27	5
M2L36	27	4	19	2	0	12	1	0	5
M2L36	30	4	4	1	50	68	1	50	3
M2L36	33	4	24	1	19	49	1	19	5
M2L36	36	4	23	2	4	16	1	4	5
M2L36	39	4	3	2	1	6	1	1	5
M2L36	42	4	13	2	85	22	2	45	1
M2L36	45	4	18	1	92	8	2	92	1
M2L36	48	4	6	1	86	14	2	86	5
M2L36	51	4	20	1	74	200	1	74	5
M2L36	54	4	9	2	50	26	2	50	5
M2L36	57	4	8	1	25	65	1	25	5
M2L36	60	4	21	2	25	9	2	25	3
M2L36	63	4	14	1	49	13	2	49	5
M2L36	66	4	16	1	25	32	1	25	5
M2L36	69	4	10	1	98	8	2	98	2
M2L36	72	4	7	2	1	4	1	1	5
M2L36	75	4	1	2	73	45	2	73	2
