Subj	Posit	List	Item	PrimeCond	PrimeCorrect	TargetAttach
1	7	1	12	2	1	2
1	11	1	14	3	1	1
1	15	1	23	3	1	1
1	19	1	24	2	1	2
1	23	1	20	3	1	2
1	27	1	6	2	1	3
1	31	1	3	2	1	3
1	35	1	16	1	1	2
1	39	1	18	2	1	3
1	43	1	7	1	1	3
1	47	1	15	2	1	2
1	51	1	11	3	1	2
1	55	1	22	1	1	2
1	59	1	4	1	1	2
1	63	1	9	2	1	3
1	67	1	2	3	1	2
1	71	1	10	1	1	3
1	75	1	5	3	1	1
1	79	1	13	1	0	1
1	83	1	17	3	1	2
1	87	1	19	1	1	2
1	91	1	8	3	1	3
1	95	1	1	1	1	1
1	99	1	21	2	1	1
2	7	2	12	3	1	3
2	11	2	14	1	1	1
2	15	2	23	1	1	1
2	19	2	24	3	1	2
2	23	2	20	1	1	2
2	27	2	6	3	1	3
2	31	2	3	3	1	2
2	35	2	16	2	1	2
2	39	2	18	3	1	2
2	43	2	7	2	1	2
2	47	2	15	3	1	3
2	51	2	11	1	1	3
2	55	2	22	2	1	2
2	59	2	4	2	1	2
2	63	2	9	3	0	2
2	67	2	2	1	1	2
2	71	2	10	2	1	3
2	75	2	5	1	1	1
2	79	2	13	2	1	1
2	83	2	17	1	1	3
2	87	2	19	2	0	2
2	91	2	8	1	1	3
2	95	2	1	2	1	3
2	99	2	21	3	1	3
3	7	3	12	1	1	1
3	11	3	14	2	1	3
3	15	3	23	2	1	1
3	19	3	24	1	1	1
3	23	3	20	2	1	1
3	27	3	6	1	1	1
3	31	3	3	1	1	2
3	35	3	16	3	1	2
3	39	3	18	1	1	1
3	43	3	7	3	1	1
3	47	3	15	1	1	2
3	51	3	11	2	1	2
3	55	3	22	3	1	3
3	59	3	4	3	1	3
3	63	3	9	1	1	2
3	67	3	2	2	1	2
3	71	3	10	3	1	2
3	75	3	5	2	1	1
3	79	3	13	3	1	1
3	83	3	17	2	1	3
3	87	3	19	3	1	2
3	91	3	8	2	1	3
3	95	3	1	3	1	1
3	99	3	21	1	1	3
4	7	1	12	2	1	2
4	11	1	14	3	1	1
4	15	1	23	3	1	1
4	19	1	24	2	1	1
4	23	1	20	3	1	1
4	27	1	6	2	1	2
4	31	1	3	2	1	2
4	35	1	16	1	1	3
4	39	1	18	2	1	1
4	43	1	7	1	1	2
4	47	1	15	2	0	3
4	51	1	11	3	1	2
4	55	1	22	1	1	1
4	59	1	4	1	1	3
4	63	1	9	2	1	3
4	67	1	2	3	1	3
4	71	1	10	1	1	3
4	75	1	5	3	1	1
4	79	1	13	1	0	3
4	83	1	17	3	1	3
4	87	1	19	1	1	1
4	91	1	8	3	1	3
4	95	1	1	1	0	2
4	99	1	21	2	1	1
5	7	2	12	3	1	3
5	11	2	14	1	1	3
5	15	2	23	1	1	1
5	19	2	24	3	1	1
5	23	2	20	1	1	1
5	27	2	6	3	1	2
5	31	2	3	3	1	2
5	35	2	16	2	1	3
5	39	2	18	3	1	1
5	43	2	7	2	1	2
5	47	2	15	3	1	1
5	51	2	11	1	1	1
5	55	2	22	2	1	1
5	59	2	4	2	1	2
5	63	2	9	3	1	3
5	67	2	2	1	1	2
5	71	2	10	2	1	1
5	75	2	5	1	1	1
5	79	2	13	2	1	2
5	83	2	17	1	1	1
5	87	2	19	2	1	1
5	91	2	8	1	1	1
5	95	2	1	2	1	2
5	99	2	21	3	1	1
6	7	3	12	1	1	1
6	11	3	14	2	1	1
6	15	3	23	2	1	3
6	19	3	24	1	1	1
6	23	3	20	2	1	1
6	27	3	6	1	1	2
6	31	3	3	1	1	1
6	35	3	16	3	1	1
6	39	3	18	1	1	1
6	43	3	7	3	1	2
6	47	3	15	1	1	3
6	51	3	11	2	1	2
6	55	3	22	3	1	2
6	59	3	4	3	1	1
6	63	3	9	1	0	3
6	67	3	2	2	1	2
6	71	3	10	3	1	2
6	75	3	5	2	0	1
6	79	3	13	3	1	2
6	83	3	17	2	1	3
6	87	3	19	3	1	2
6	91	3	8	2	1	3
6	95	3	1	3	1	2
6	99	3	21	1	1	1
7	7	1	12	2	1	2
7	11	1	14	3	1	2
7	15	1	23	3	1	1
7	19	1	24	2	1	3
7	23	1	20	3	1	3
7	27	1	6	2	0	1
7	31	1	3	2	1	2
7	35	1	16	1	1	2
7	39	1	18	2	1	1
7	43	1	7	1	1	2
7	47	1	15	2	0	2
7	51	1	11	3	1	2
7	55	1	22	1	1	2
7	59	1	4	1	1	2
7	63	1	9	2	1	2
7	67	1	2	3	1	2
7	71	1	10	1	1	3
7	75	1	5	3	1	1
7	79	1	13	1	1	1
7	83	1	17	3	1	1
7	87	1	19	1	1	2
7	91	1	8	3	1	2
7	95	1	1	1	1	2
7	99	1	21	2	1	2
8	7	2	12	3	0	2
8	11	2	14	1	1	1
8	15	2	23	1	1	2
8	19	2	24	3	1	1
8	23	2	20	1	1	2
8	27	2	6	3	1	2
8	31	2	3	3	1	2
8	35	2	16	2	1	2
8	39	2	18	3	1	2
8	43	2	7	2	1	2
8	47	2	15	3	1	2
8	51	2	11	1	1	3
8	55	2	22	2	1	2
8	59	2	4	2	1	2
8	63	2	9	3	1	2
8	67	2	2	1	1	3
8	71	2	10	2	1	2
8	75	2	5	1	1	1
8	79	2	13	2	0	3
8	83	2	17	1	1	1
8	87	2	19	2	1	2
8	91	2	8	1	1	2
8	95	2	1	2	1	2
8	99	2	21	3	1	3
9	7	3	12	1	1	2
9	11	3	14	2	1	2
9	15	3	23	2	1	2
9	19	3	24	1	1	3
9	23	3	20	2	1	3
9	27	3	6	1	1	3
9	31	3	3	1	1	2
9	35	3	16	3	1	2
9	39	3	18	1	1	1
9	43	3	7	3	1	2
9	47	3	15	1	1	1
9	51	3	11	2	1	1
9	55	3	22	3	1	2
9	59	3	4	3	1	2
9	63	3	9	1	1	3
9	67	3	2	2	1	2
9	71	3	10	3	1	2
9	75	3	5	2	1	2
9	79	3	13	3	1	2
9	83	3	17	2	1	2
9	87	3	19	3	1	2
9	91	3	8	2	1	2
9	95	3	1	3	1	3
9	99	3	21	1	1	1
10	7	1	22	1	1	1
10	11	1	11	3	1	2
10	15	1	3	2	1	2
10	19	1	1	1	1	2
10	23	1	16	1	1	1
10	27	1	8	3	1	1
10	31	1	17	3	1	3
10	35	1	7	1	1	1
10	39	1	15	2	1	2
10	43	1	9	2	1	2
10	47	1	21	2	1	2
10	51	1	12	2	1	2
10	55	1	18	2	0	1
10	59	1	20	3	1	2
10	63	1	19	1	1	1
10	67	1	24	2	1	3
10	71	1	23	3	1	2
10	75	1	13	1	1	2
10	79	1	2	3	1	2
10	83	1	4	1	1	2
10	87	1	10	1	1	2
10	91	1	5	3	1	1
10	95	1	6	2	1	2
10	99	1	14	3	1	1
11	7	2	22	2	1	2
11	11	2	11	1	1	2
11	15	2	3	3	1	3
11	19	2	1	2	0	2
11	23	2	16	2	1	3
11	27	2	8	1	1	1
11	31	2	17	1	1	1
11	35	2	7	2	1	2
11	39	2	15	3	1	2
11	43	2	9	3	1	1
11	47	2	21	3	1	3
11	51	2	12	3	1	3
11	55	2	18	3	1	2
11	59	2	20	1	1	2
11	63	2	19	2	1	2
11	67	2	24	3	1	1
11	71	2	23	1	1	3
11	75	2	13	2	0	2
11	79	2	2	1	1	2
11	83	2	4	2	1	2
11	87	2	10	2	1	2
11	91	2	5	1	1	1
11	95	2	6	3	1	3
11	99	2	14	1	1	2
12	7	3	22	3	1	3
12	11	3	11	2	1	2
12	15	3	3	1	1	2
12	19	3	1	3	1	2
12	23	3	16	3	1	2
12	27	3	8	2	1	1
12	31	3	17	2	1	2
12	35	3	7	3	1	2
12	39	3	15	1	1	2
12	43	3	9	1	1	2
12	47	3	21	1	1	3
12	51	3	12	1	1	1
12	55	3	18	1	1	1
12	59	3	20	2	1	2
12	63	3	19	3	1	3
12	67	3	24	1	1	2
12	71	3	23	2	0	2
12	75	3	13	3	1	1
12	79	3	2	2	1	2
12	83	3	4	3	1	1
12	87	3	10	3	1	1
12	91	3	5	2	1	1
12	95	3	6	1	1	3
12	99	3	14	2	1	2
13	7	1	22	1	1	3
13	11	1	11	3	1	2
13	15	1	3	2	1	1
13	19	1	1	1	1	2
13	23	1	16	1	1	3
13	27	1	8	3	1	1
13	31	1	17	3	1	1
13	35	1	7	1	1	2
13	39	1	15	2	1	1
13	43	1	9	2	0	2
13	47	1	21	2	0	3
13	51	1	12	2	1	2
13	55	1	18	2	1	3
13	59	1	20	3	1	1
13	63	1	19	1	1	2
13	67	1	24	2	1	2
13	71	1	23	3	1	1
13	75	1	13	1	1	2
13	79	1	2	3	1	2
13	83	1	4	1	1	1
13	87	1	10	1	1	1
13	91	1	5	3	1	1
13	95	1	6	2	1	3
13	99	1	14	3	1	3
14	7	2	22	2	1	2
14	11	2	11	1	1	3
14	15	2	3	3	1	2
14	19	2	1	2	1	2
14	23	2	16	2	1	3
14	27	2	8	1	1	3
14	31	2	17	1	1	3
14	35	2	7	2	1	2
14	39	2	15	3	1	3
14	43	2	9	3	1	2
14	47	2	21	3	1	3
14	51	2	12	3	1	2
14	55	2	18	3	1	1
14	59	2	20	1	1	1
14	63	2	19	2	1	2
14	67	2	24	3	1	2
14	71	2	23	1	1	1
14	75	2	13	2	0	2
14	79	2	2	1	1	1
14	83	2	4	2	1	2
14	87	2	10	2	1	2
14	91	2	5	1	1	1
14	95	2	6	3	1	3
14	99	2	14	1	1	1
15	7	3	22	3	1	2
15	11	3	11	2	1	1
15	15	3	3	1	1	2
15	19	3	1	3	1	2
15	23	3	16	3	1	1
15	27	3	8	2	1	2
15	31	3	17	2	1	3
15	35	3	7	3	1	1
15	39	3	15	1	1	2
15	43	3	9	1	1	2
15	47	3	21	1	1	2
15	51	3	12	1	1	2
15	55	3	18	1	1	1
15	59	3	20	2	0	1
15	63	3	19	3	1	3
15	67	3	24	1	1	2
15	71	3	23	2	1	2
15	75	3	13	3	1	3
15	79	3	2	2	1	2
15	83	3	4	3	1	1
15	87	3	10	3	1	1
15	91	3	5	2	1	1
15	95	3	6	1	1	1
15	99	3	14	2	1	3
16	7	1	22	1	1	1
16	11	1	11	3	1	2
16	15	1	3	2	1	3
16	19	1	1	1	1	1
16	23	1	16	1	1	3
16	27	1	8	3	1	1
16	31	1	17	3	1	3
16	35	1	7	1	1	2
16	39	1	15	2	1	2
16	43	1	9	2	1	2
16	47	1	21	2	1	2
16	51	1	12	2	1	2
16	55	1	18	2	1	1
16	59	1	20	3	1	2
16	63	1	19	1	1	2
16	67	1	24	2	1	2
16	71	1	23	3	1	2
16	75	1	13	1	1	2
16	79	1	2	3	1	2
16	83	1	4	1	1	2
16	87	1	10	1	1	1
16	91	1	5	3	1	1
16	95	1	6	2	1	3
16	99	1	14	3	1	1
17	7	2	22	2	1	2
17	11	2	11	1	1	1
17	15	2	3	3	1	3
17	19	2	1	2	1	2
17	23	2	16	2	1	2
17	27	2	8	1	1	2
17	31	2	17	1	1	2
17	35	2	7	2	1	2
17	39	2	15	3	1	2
17	43	2	9	3	1	2
17	47	2	21	3	1	3
17	51	2	12	3	1	2
17	55	2	18	3	1	3
17	59	2	20	1	1	3
17	63	2	19	2	1	2
17	67	2	24	3	1	2
17	71	2	23	1	1	1
17	75	2	13	2	0	2
17	79	2	2	1	1	2
17	83	2	4	2	1	2
17	87	2	10	2	1	2
17	91	2	5	1	1	1
17	95	2	6	3	1	3
17	99	2	14	1	1	2
18	7	3	22	3	1	2
18	11	3	11	2	1	3
18	15	3	3	1	1	1
18	19	3	1	3	1	1
18	23	3	16	3	1	1
18	27	3	8	2	1	2
18	31	3	17	2	1	2
18	35	3	7	3	1	2
18	39	3	15	1	1	3
18	43	3	9	1	1	2
18	47	3	21	1	1	2
18	51	3	12	1	1	2
18	55	3	18	1	1	1
18	59	3	20	2	1	2
18	63	3	19	3	1	2
18	67	3	24	1	1	2
18	71	3	23	2	1	3
18	75	3	13	3	1	3
18	79	3	2	2	1	2
18	83	3	4	3	1	2
18	87	3	10	3	1	2
18	91	3	5	2	1	2
18	95	3	6	1	1	2
18	99	3	14	2	1	3
19	7	1	22	1	1	3
19	11	1	16	1	1	2
19	15	1	9	2	1	2
19	19	1	4	1	0	2
19	23	1	13	1	1	3
19	27	1	10	1	1	1
19	31	1	6	2	1	3
19	35	1	20	3	1	2
19	39	1	5	3	1	1
19	43	1	8	3	1	2
19	47	1	1	1	1	2
19	51	1	21	2	1	3
19	55	1	15	2	1	2
19	59	1	17	3	1	3
19	63	1	14	3	1	1
19	67	1	7	1	1	1
19	71	1	23	3	1	3
19	75	1	11	3	1	2
19	79	1	24	2	1	1
19	83	1	2	3	1	2
19	87	1	18	2	1	3
19	91	1	12	2	1	2
19	95	1	19	1	1	3
19	99	1	3	2	1	1
20	7	2	22	2	0	2
20	11	2	16	2	1	3
20	15	2	9	3	1	2
20	19	2	4	2	0	2
20	23	2	13	2	0	2
20	27	2	10	2	0	2
20	31	2	6	3	1	2
20	35	2	20	1	1	2
20	39	2	5	1	0	1
20	43	2	8	1	1	1
20	47	2	1	2	1	2
20	51	2	21	3	1	1
20	55	2	15	3	1	3
20	59	2	17	1	1	1
20	63	2	14	1	1	1
20	67	2	7	2	1	2
20	71	2	23	1	1	3
20	75	2	11	1	1	3
20	79	2	24	3	1	2
20	83	2	2	1	0	2
20	87	2	18	3	1	2
20	91	2	12	3	1	1
20	95	2	19	2	1	1
20	99	2	3	3	1	2
21	7	3	22	3	1	2
21	11	3	16	3	1	3
21	15	3	9	1	1	1
21	19	3	4	3	1	2
21	23	3	13	3	1	2
21	27	3	10	3	1	1
21	31	3	6	1	1	1
21	35	3	20	2	1	1
21	39	3	5	2	1	2
21	43	3	8	2	1	1
21	47	3	1	3	1	2
21	51	3	21	1	1	1
21	55	3	15	1	1	1
21	59	3	17	2	1	2
21	63	3	14	2	1	3
21	67	3	7	3	1	1
21	71	3	23	2	1	1
21	75	3	11	2	1	2
21	79	3	24	1	1	1
21	83	3	2	2	1	2
21	87	3	18	1	1	2
21	91	3	12	1	1	1
21	95	3	19	3	1	1
21	99	3	3	1	1	3
22	7	1	22	1	1	1
22	11	1	16	1	1	2
22	15	1	9	2	1	2
22	19	1	4	1	1	1
22	23	1	13	1	1	1
22	27	1	10	1	1	2
22	31	1	6	2	1	1
22	35	1	20	3	1	1
22	39	1	5	3	1	1
22	43	1	8	3	1	1
22	47	1	1	1	1	1
22	51	1	21	2	1	1
22	55	1	15	2	1	1
22	59	1	17	3	1	2
22	63	1	14	3	1	1
22	67	1	7	1	1	3
22	71	1	23	3	1	3
22	75	1	11	3	1	1
22	79	1	24	2	1	1
22	83	1	2	3	1	3
22	87	1	18	2	1	1
22	91	1	12	2	1	2
22	95	1	19	1	1	2
22	99	1	3	2	1	2
23	7	2	22	2	1	3
23	11	2	16	2	1	2
23	15	2	9	3	1	3
23	19	2	4	2	1	2
23	23	2	13	2	1	1
23	27	2	10	2	1	2
23	31	2	6	3	1	2
23	35	2	20	1	1	2
23	39	2	5	1	1	1
23	43	2	8	1	1	1
23	47	2	1	2	1	2
23	51	2	21	3	1	3
23	55	2	15	3	1	2
23	59	2	17	1	1	2
23	63	2	14	1	1	1
23	67	2	7	2	1	2
23	71	2	23	1	1	3
23	75	2	11	1	0	2
23	79	2	24	3	1	2
23	83	2	2	1	1	1
23	87	2	18	3	1	1
23	91	2	12	3	1	2
23	95	2	19	2	1	2
23	99	2	3	3	1	1
24	7	3	22	3	1	2
24	11	3	16	3	1	2
24	15	3	9	1	1	3
24	19	3	4	3	1	2
24	23	3	13	3	1	2
24	27	3	10	3	1	2
24	31	3	6	1	1	2
24	35	3	20	2	1	2
24	39	3	5	2	1	1
24	43	3	8	2	1	3
24	47	3	1	3	1	2
24	51	3	21	1	1	3
24	55	3	15	1	1	1
24	59	3	17	2	1	1
24	63	3	14	2	1	3
24	67	3	7	3	1	2
24	71	3	23	2	1	2
24	75	3	11	2	0	3
24	79	3	24	1	1	1
24	83	3	2	2	1	2
24	87	3	18	1	1	2
24	91	3	12	1	1	2
24	95	3	19	3	1	3
24	99	3	3	1	1	2
25	7	1	22	1	0	2
25	11	1	16	1	1	2
25	15	1	9	2	1	2
25	19	1	4	1	0	2
25	23	1	13	1	1	1
25	27	1	10	1	1	1
25	31	1	6	2	0	2
25	35	1	20	3	1	2
25	39	1	5	3	1	2
25	43	1	8	3	1	3
25	47	1	1	1	0	2
25	51	1	21	2	1	3
25	55	1	15	2	0	3
25	59	1	17	3	1	1
25	63	1	14	3	1	3
25	67	1	7	1	1	1
25	71	1	23	3	1	2
25	75	1	11	3	1	3
25	79	1	24	2	1	3
25	83	1	2	3	1	2
25	87	1	18	2	1	2
25	91	1	12	2	1	1
25	95	1	19	1	1	3
25	99	1	3	2	0	1
26	7	2	22	2	1	2
26	11	2	16	2	1	1
26	15	2	9	3	1	2
26	19	2	4	2	1	2
26	23	2	13	2	1	1
26	27	2	10	2	1	2
26	31	2	6	3	1	3
26	35	2	20	1	1	2
26	39	2	5	1	1	2
26	43	2	8	1	1	1
26	47	2	1	2	1	2
26	51	2	21	3	1	3
26	55	2	15	3	1	1
26	59	2	17	1	1	2
26	63	2	14	1	1	2
26	67	2	7	2	1	2
26	71	2	23	1	1	2
26	75	2	11	1	0	3
26	79	2	24	3	1	2
26	83	2	2	1	1	2
26	87	2	18	3	1	1
26	91	2	12	3	1	2
26	95	2	19	2	1	2
26	99	2	3	3	1	3
27	7	3	22	3	1	2
27	11	3	16	3	1	4
27	15	3	9	1	1	3
27	19	3	4	3	1	2
27	23	3	13	3	1	3
27	27	3	10	3	1	2
27	31	3	6	1	1	3
27	35	3	20	2	1	2
27	39	3	5	2	1	1
27	43	3	8	2	1	1
27	47	3	1	3	1	2
27	51	3	21	1	1	1
27	55	3	15	1	1	1
27	59	3	17	2	1	4
27	63	3	14	2	1	1
27	67	3	7	3	1	2
27	71	3	23	2	1	2
27	75	3	11	2	1	1
27	79	3	24	1	1	1
27	83	3	2	2	1	2
27	87	3	18	1	1	1
27	91	3	12	1	1	2
27	95	3	19	3	1	2
27	99	3	3	1	1	2
