Subj	Group	Posit	Item	PrimeCond	PrimeCorrect	TargetAttach	
1	B	7	12	2	1	3	
1	B	11	14	3	0	1	
1	B	15	23	3	1	1	
1	B	19	24	2	1	3	
1	B	23	20	3	1	1	
1	B	27	6	2	1	3	
1	B	31	3	2	1	1	
1	B	35	16	1	1	2	
1	B	39	18	2	1	3	
1	B	43	7	1	1	1	
1	B	47	15	2	1	2	
1	B	51	11	3	1	2	
1	B	55	22	1	1	1	
1	B	59	4	1	1	2	
1	B	63	9	2	1	2	
1	B	67	2	3	1	2	
1	B	71	10	1	1	1	
1	B	75	5	3	1	3	
1	B	79	13	1	0	3	
1	B	83	17	3	1	3	
1	B	87	19	1	0	2	
1	B	91	8	3	1	1	
1	B	95	1	1	1	2	
1	B	99	21	2	0	1	
2	B	7	12	3	1	2	
2	B	11	14	1	1	1	
2	B	15	23	1	1	1	
2	B	19	24	3	1	2	
2	B	23	20	1	1	2	
2	B	27	6	3	1	2	
2	B	31	3	3	1	2	
2	B	35	16	2	0	2	
2	B	39	18	3	1	1	
2	B	43	7	2	1	2	
2	B	47	15	3	1	2	
2	B	51	11	1	1	2	
2	B	55	22	2	1	2	
2	B	59	4	2	0	2	
2	B	63	9	3	1	3	
2	B	67	2	1	1	2	
2	B	71	10	2	1	2	
2	B	75	5	1	0	3	
2	B	79	13	2	1	1	
2	B	83	17	1	1	2	
2	B	87	19	2	1	2	
2	B	91	8	1	1	1	
2	B	95	1	2	1	2	
2	B	99	21	3	1	1	
3	B	7	12	1	0	2	
3	B	11	14	2	0	1	
3	B	15	23	2	0	2	
3	B	19	24	1	0	2	
3	B	23	20	2	1	2	
3	B	27	6	1	0	3	
3	B	31	3	1	0	1	
3	B	35	16	3	1	3	
3	B	39	18	1	0	1	
3	B	43	7	3	1	1	
3	B	47	15	1	0	1	
3	B	51	11	2	0	2	
3	B	55	22	3	1	2	
3	B	59	4	3	1	2	
3	B	63	9	1	0	2	
3	B	67	2	2	0	1	
3	B	71	10	3	1	2	
3	B	75	5	2	0	2	
3	B	79	13	3	0	3	
3	B	83	17	2	0	2	
3	B	87	19	3	1	2	
3	B	91	8	2	0	1	
3	B	95	1	3	1	2	
3	B	99	21	1	0	3	
4	B	7	22	1	1	2	
4	B	11	11	3	1	2	
4	B	15	3	2	1	1	
4	B	19	1	1	1	1	
4	B	23	16	1	1	2	
4	B	27	8	3	1	1	
4	B	31	17	3	1	3	
4	B	35	7	1	1	2	
4	B	39	15	2	1	1	
4	B	43	9	2	1	2	
4	B	47	21	2	1	2	
4	B	51	12	2	1	2	
4	B	55	18	2	0	1	
4	B	59	20	3	1	2	
4	B	63	19	1	1	2	
4	B	67	24	2	1	1	
4	B	71	23	3	1	2	
4	B	75	13	1	1	1	
4	B	79	2	3	1	1	
4	B	83	4	1	1	2	
4	B	87	10	1	1	2	
4	B	91	5	3	1	1	
4	B	95	6	2	1	2	
4	B	99	14	3	1	1	
5	B	7	22	2	0	1	
5	B	11	11	1	0	2	
5	B	15	3	3	1	1	
5	B	19	1	2	0	1	
5	B	23	16	2	0	2	
5	B	27	8	1	0	2	
5	B	31	17	1	0	1	
5	B	35	7	2	0	2	
5	B	39	15	3	1	1	
5	B	43	9	3	1	1	
5	B	47	21	3	1	1	
5	B	51	12	3	1	2	
5	B	55	18	3	1	1	
5	B	59	20	1	0	3	
5	B	63	19	2	0	2	
5	B	67	24	3	1	3	
5	B	71	23	1	0	2	
5	B	75	13	2	1	1	
5	B	79	2	1	0	2	
5	B	83	4	2	1	3	
5	B	87	10	2	1	1	
5	B	91	5	1	0	1	
5	B	95	6	3	1	3	
5	B	99	14	1	1	1	
6	B	7	22	3	1	3	
6	B	11	11	2	0	3	
6	B	15	3	1	0	3	
6	B	19	1	3	1	2	
6	B	23	16	3	1	2	
6	B	27	8	2	1	1	
6	B	31	17	2	0	2	
6	B	35	7	3	1	3	
6	B	39	15	1	1	3	
6	B	43	9	1	1	2	
6	B	47	21	1	1	1	
6	B	51	12	1	1	3	
6	B	55	18	1	1	1	
6	B	59	20	2	1	2	
6	B	63	19	3	1	2	
6	B	67	24	1	1	2	
6	B	71	23	2	1	2	
6	B	75	13	3	1	2	
6	B	79	2	2	1	2	
6	B	83	4	3	1	2	
6	B	87	10	3	1	2	
6	B	91	5	2	0	1	
6	B	95	6	1	1	2	
6	B	99	14	2	0	1	
7	B	7	22	1	1	3	
7	B	11	16	1	1	1	
7	B	15	9	2	1	3	
7	B	19	4	1	1	3	
7	B	23	13	1	1	3	
7	B	27	10	1	1	3	
7	B	31	6	2	1	1	
7	B	35	20	3	1	3	
7	B	39	5	3	1	3	
7	B	43	8	3	1	1	
7	B	47	1	1	1	2	
7	B	51	21	2	1	3	
7	B	55	15	2	1	1	
7	B	59	17	3	1	2	
7	B	63	14	3	1	2	
7	B	67	7	1	0	2	
7	B	71	23	3	1	3	
7	B	75	11	3	1	3	
7	B	79	24	2	1	2	
7	B	83	2	3	1	3	
7	B	87	18	2	1	2	
7	B	91	12	2	1	3	
7	B	95	19	1	1	3	
7	B	99	3	2	1	2	
8	B	7	22	2	1	2	
8	B	11	16	2	1	3	
8	B	15	9	3	1	2	
8	B	19	4	2	1	2	
8	B	23	13	2	1	1	
8	B	27	10	2	1	2	
8	B	31	6	3	1	2	
8	B	35	20	1	1	1	
8	B	39	5	1	1	1	
8	B	43	8	1	1	1	
8	B	47	1	2	0	1	
8	B	51	21	3	1	1	
8	B	55	15	3	1	2	
8	B	59	17	1	1	1	
8	B	63	14	1	1	1	
8	B	67	7	2	1	2	
8	B	71	23	1	1	2	
8	B	75	11	1	1	2	
8	B	79	24	3	1	3	
8	B	83	2	1	1	2	
8	B	87	18	3	1	1	
8	B	91	12	3	1	1	
8	B	95	19	2	0	2	
8	B	99	3	3	1	3	
9	B	7	22	3	1	2	
9	B	11	16	3	1	2	
9	B	15	9	1	1	2	
9	B	19	4	3	1	1	
9	B	23	13	3	1	2	
9	B	27	10	3	1	2	
9	B	31	6	1	0	3	
9	B	35	20	2	1	2	
9	B	39	5	2	1	1	
9	B	43	8	2	1	1	
9	B	47	1	3	1	2	
9	B	51	21	1	0	1	
9	B	55	15	1	0	2	
9	B	59	17	2	0	3	
9	B	63	14	2	1	1	
9	B	67	7	3	1	2	
9	B	71	23	2	1	2	
9	B	75	11	2	1	3	
9	B	79	24	1	1	2	
9	B	83	2	2	0	3	
9	B	87	18	1	0	1	
9	B	91	12	1	0	1	
9	B	95	19	3	1	2	
9	B	99	3	1	0	2	
10	B	7	15	2	0	1	
10	B	11	17	3	1	2	
10	B	15	19	1	1	1	
10	B	19	1	1	1	2	
10	B	23	20	3	1	2	
10	B	27	16	1	1	3	
10	B	31	9	2	0	2	
10	B	35	6	2	1	2	
10	B	39	4	1	1	2	
10	B	43	21	2	0	2	
10	B	47	23	3	1	1	
10	B	51	11	3	1	2	
10	B	55	22	1	1	2	
10	B	59	5	3	1	2	
10	B	63	14	3	1	1	
10	B	67	12	2	1	2	
10	B	71	2	3	1	2	
10	B	75	8	3	0	2	
10	B	79	10	1	1	1	
10	B	83	7	1	0	2	
10	B	87	24	2	1	2	
10	B	91	13	1	0	2	
10	B	95	3	2	0	2	
10	B	99	18	2	1	2	
11	B	7	15	3	1	3	
11	B	11	17	1	1	3	
11	B	15	19	2	0	1	
11	B	19	1	2	1	3	
11	B	23	20	1	1	1	
11	B	27	16	2	1	2	
11	B	31	9	3	1	2	
11	B	35	6	3	1	3	
11	B	39	4	2	1	2	
11	B	43	21	3	1	2	
11	B	47	23	1	1	2	
11	B	51	11	1	1	1	
11	B	55	22	2	1	2	
11	B	59	5	1	1	1	
11	B	63	14	1	1	2	
11	B	67	12	3	0	2	
11	B	71	2	1	1	1	
11	B	75	8	1	1	1	
11	B	79	10	2	1	2	
11	B	83	7	2	1	2	
11	B	87	24	3	1	2	
11	B	91	13	2	1	3	
11	B	95	3	3	1	2	
11	B	99	18	3	1	2	
12	B	7	15	1	0	1	
12	B	11	17	2	0	1	
12	B	15	19	3	1	2	
12	B	19	1	3	1	2	
12	B	23	20	2	0	2	
12	B	27	16	3	1	3	
12	B	31	9	1	0	2	
12	B	35	6	1	0	2	
12	B	39	4	3	1	1	
12	B	43	21	1	0	1	
12	B	47	23	2	0	1	
12	B	51	11	2	0	3	
12	B	55	22	3	1	1	
12	B	59	5	2	0	1	
12	B	63	14	2	0	1	
12	B	67	12	1	0	1	
12	B	71	2	2	0	1	
12	B	75	8	2	1	1	
12	B	79	10	3	1	1	
12	B	83	7	3	1	2	
12	B	87	24	1	0	1	
12	B	91	13	3	1	3	
12	B	95	3	1	1	1	
12	B	99	18	1	0	1	
13	B	7	15	2	1	1	
13	B	11	17	3	1	1	
13	B	15	19	1	1	1	
13	B	19	1	1	1	1	
13	B	23	20	3	1	1	
13	B	27	16	1	1	3	
13	B	31	9	2	1	2	
13	B	35	6	2	0	1	
13	B	39	4	1	1	1	
13	B	43	21	2	1	1	
13	B	47	23	3	1	1	
13	B	51	11	3	1	2	
13	B	55	22	1	0	2	
13	B	59	5	3	1	1	
13	B	63	14	3	1	1	
13	B	67	12	2	1	2	
13	B	71	2	3	1	2	
13	B	75	8	3	1	1	
13	B	79	10	1	1	1	
13	B	83	7	1	1	1	
13	B	87	24	2	1	3	
13	B	91	13	1	1	1	
13	B	95	3	2	1	2	
13	B	99	18	2	1	1	
14	B	7	15	3	1	1	
14	B	11	17	1	0	1	
14	B	15	19	2	1	2	
14	B	19	1	2	1	1	
14	B	23	20	1	0	1	
14	B	27	16	2	1	1	
14	B	31	9	3	0	2	
14	B	35	6	3	1	2	
14	B	39	4	2	1	1	
14	B	43	21	3	1	1	
14	B	47	23	1	0	1	
14	B	51	11	1	0	1	
14	B	55	22	2	1	1	
14	B	59	5	1	0	1	
14	B	63	14	1	1	1	
14	B	67	12	3	1	2	
14	B	71	2	1	0	2	
14	B	75	8	1	1	1	
14	B	79	10	2	1	1	
14	B	83	7	2	1	2	
14	B	87	24	3	1	1	
14	B	91	13	2	1	2	
14	B	95	3	3	1	1	
14	B	99	18	3	0	1	
15	B	7	15	1	1	1	
15	B	11	17	2	1	2	
15	B	15	19	3	1	2	
15	B	19	1	3	1	2	
15	B	23	20	2	1	2	
15	B	27	16	3	1	2	
15	B	31	9	1	1	2	
15	B	35	6	1	1	3	
15	B	39	4	3	1	2	
15	B	43	21	1	1	3	
15	B	47	23	2	1	2	
15	B	51	11	2	1	2	
15	B	55	22	3	1	2	
15	B	59	5	2	1	2	
15	B	63	14	2	1	1	
15	B	67	12	1	1	2	
15	B	71	2	2	1	2	
15	B	75	8	2	1	2	
15	B	79	10	3	1	2	
15	B	83	7	3	1	2	
15	B	87	24	1	1	2	
15	B	91	13	3	1	1	
15	B	95	3	1	1	1	
15	B	99	18	1	1	2	
16	B	7	14	3	1	3	
16	B	11	20	3	1	2	
16	B	15	17	3	1	3	
16	B	19	24	2	0	1	
16	B	23	4	1	0	1	
16	B	27	19	1	0	2	
16	B	31	7	1	0	2	
16	B	35	3	2	0	2	
16	B	39	1	1	0	2	
16	B	43	15	2	1	2	
16	B	47	2	3	1	2	
16	B	51	10	1	0	2	
16	B	55	18	2	0	2	
16	B	59	21	2	0	1	
16	B	63	23	3	1	2	
16	B	67	11	3	1	2	
16	B	71	22	1	0	2	
16	B	75	12	2	0	2	
16	B	79	8	3	1	1	
16	B	83	9	2	0	2	
16	B	87	13	1	0	2	
16	B	91	16	1	1	1	
16	B	95	6	2	0	2	
16	B	99	5	3	1	1	
17	B	7	14	1	1	1	
17	B	11	20	1	0	1	
17	B	15	17	1	1	2	
17	B	19	24	3	1	1	
17	B	23	4	2	1	2	
17	B	27	19	2	0	2	
17	B	31	7	2	0	1	
17	B	35	3	3	1	2	
17	B	39	1	2	1	2	
17	B	43	15	3	0	2	
17	B	47	2	1	0	2	
17	B	51	10	2	1	2	
17	B	55	18	3	1	1	
17	B	59	21	3	1	2	
17	B	63	23	1	1	1	
17	B	67	11	1	1	2	
17	B	71	22	2	1	2	
17	B	75	12	3	1	2	
17	B	79	8	1	1	3	
17	B	83	9	3	1	2	
17	B	87	13	2	1	1	
17	B	91	16	2	0	2	
17	B	95	6	3	1	2	
17	B	99	5	1	0	1	
18	B	7	14	2	1	1	
18	B	11	20	2	1	2	
18	B	15	17	2	1	1	
18	B	19	24	1	1	3	
18	B	23	4	3	1	2	
18	B	27	19	3	1	2	
18	B	31	7	3	1	2	
18	B	35	3	1	1	2	
18	B	39	1	3	1	2	
18	B	43	15	1	1	1	
18	B	47	2	2	1	2	
18	B	51	10	3	1	1	
18	B	55	18	1	0	1	
18	B	59	21	1	0	3	
18	B	63	23	2	1	3	
18	B	67	11	2	1	2	
18	B	71	22	3	1	1	
18	B	75	12	1	0	1	
18	B	79	8	2	1	1	
18	B	83	9	1	1	1	
18	B	87	13	3	1	2	
18	B	91	16	3	1	3	
18	B	95	6	1	1	1	
18	B	99	5	2	1	1	
19	B	7	6	2	0	2	
19	B	11	21	2	0	1	
19	B	15	13	1	0	2	
19	B	19	18	2	0	1	
19	B	23	15	2	1	2	
19	B	27	5	3	1	1	
19	B	31	10	1	1	2	
19	B	35	12	2	0	2	
19	B	39	11	3	1	2	
19	B	43	7	1	0	2	
19	B	47	22	1	1	2	
19	B	51	17	3	1	3	
19	B	55	9	2	0	2	
19	B	59	2	3	1	2	
19	B	63	3	2	1	2	
19	B	67	14	3	1	2	
19	B	71	19	1	0	2	
19	B	75	20	3	1	2	
19	B	79	1	1	1	3	
19	B	83	24	2	0	2	
19	B	87	8	3	1	1	
19	B	91	16	1	0	2	
19	B	95	23	3	1	2	
19	B	99	4	1	1	2	
20	B	7	6	3	1	3	
20	B	11	21	3	1	1	
20	B	15	13	2	1	3	
20	B	19	18	3	1	1	
20	B	23	15	3	1	2	
20	B	27	5	1	0	1	
20	B	31	10	2	1	1	
20	B	35	12	3	1	1	
20	B	39	11	1	1	2	
20	B	43	7	2	1	1	
20	B	47	22	2	1	2	
20	B	51	17	1	1	1	
20	B	55	9	3	1	2	
20	B	59	2	1	0	2	
20	B	63	3	3	1	1	
20	B	67	14	1	0	1	
20	B	71	19	2	1	1	
20	B	75	20	1	0	2	
20	B	79	1	2	1	1	
20	B	83	24	3	1	1	
20	B	87	8	1	1	1	
20	B	91	16	2	1	1	
20	B	95	23	1	1	1	
20	B	99	4	2	1	2	
21	B	7	6	1	1	1	
21	B	11	21	1	1	1	
21	B	15	13	3	1	2	
21	B	19	18	1	1	1	
21	B	23	15	1	1	1	
21	B	27	5	2	1	1	
21	B	31	10	3	1	2	
21	B	35	12	1	1	2	
21	B	39	11	2	1	2	
21	B	43	7	3	1	2	
21	B	47	22	3	1	2	
21	B	51	17	2	1	2	
21	B	55	9	1	1	3	
21	B	59	2	2	1	2	
21	B	63	3	1	1	1	
21	B	67	14	2	1	1	
21	B	71	19	3	1	1	
21	B	75	20	2	1	1	
21	B	79	1	3	1	1	
21	B	83	24	1	1	2	
21	B	87	8	2	1	2	
21	B	91	16	3	1	1	
21	B	95	23	2	0	1	
21	B	99	4	3	1	2	
22	B	7	7	1	0	3	
22	B	11	22	1	1	2	
22	B	15	9	2	1	2	
22	B	19	17	3	1	2	
22	B	23	15	2	1	2	
22	B	27	10	1	1	1	
22	B	31	8	3	1	1	
22	B	35	5	3	1	1	
22	B	39	3	2	0	1	
22	B	43	23	3	1	2	
22	B	47	4	1	1	3	
22	B	51	14	3	1	1	
22	B	55	21	2	1	1	
22	B	59	20	3	1	2	
22	B	63	11	3	1	3	
22	B	67	6	2	1	2	
22	B	71	18	2	1	2	
22	B	75	2	3	1	2	
22	B	79	1	1	1	3	
22	B	83	12	2	1	2	
22	B	87	19	1	1	1	
22	B	91	13	1	1	3	
22	B	95	16	1	1	1	
22	B	99	24	2	1	2	
23	B	7	7	2	1	2	
23	B	11	22	2	1	2	
23	B	15	9	3	1	1	
23	B	19	17	1	0	2	
23	B	23	15	3	1	2	
23	B	27	10	2	1	2	
23	B	31	8	1	1	2	
23	B	35	5	1	1	1	
23	B	39	3	3	1	2	
23	B	43	23	1	1	2	
23	B	47	4	2	1	3	
23	B	51	14	1	1	1	
23	B	55	21	3	1	2	
23	B	59	20	1	1	2	
23	B	63	11	1	1	3	
23	B	67	6	3	1	2	
23	B	71	18	3	1	2	
23	B	75	2	1	1	2	
23	B	79	1	2	1	2	
23	B	83	12	3	1	3	
23	B	87	19	2	1	1	
23	B	91	13	2	1	2	
23	B	95	16	2	1	2	
23	B	99	24	3	1	2	
24	B	7	7	3	1	2	
24	B	11	22	3	1	2	
24	B	15	9	1	0	2	
24	B	19	17	2	1	2	
24	B	23	15	1	0	1	
24	B	27	10	3	1	2	
24	B	31	8	2	0	1	
24	B	35	5	2	0	1	
24	B	39	3	1	0	3	
24	B	43	23	2	0	1	
24	B	47	4	3	0	3	
24	B	51	14	2	0	1	
24	B	55	21	1	0	1	
24	B	59	20	2	0	1	
24	B	63	11	2	0	2	
24	B	67	6	1	0	2	
24	B	71	18	1	0	2	
24	B	75	2	2	0	2	
24	B	79	1	3	1	2	
24	B	83	12	1	0	1	
24	B	87	19	3	1	1	
24	B	91	13	3	0	2	
24	B	95	16	3	1	1	
24	B	99	24	1	0	1	
25	B	7	3	2	1	3	
25	B	11	4	1	1	2	
25	B	15	13	1	1	1	
25	B	19	23	3	1	1	
25	B	23	2	3	1	2	
25	B	27	14	3	1	1	
25	B	31	1	1	1	3	
25	B	35	12	2	1	1	
25	B	39	8	3	1	1	
25	B	43	20	3	1	3	
25	B	47	24	2	1	1	
25	B	51	5	3	1	1	
25	B	55	22	1	1	3	
25	B	59	9	2	1	2	
25	B	63	10	1	1	2	
25	B	67	11	3	1	2	
25	B	71	6	2	1	3	
25	B	75	17	3	1	1	
25	B	79	21	2	1	2	
25	B	83	15	2	1	3	
25	B	87	16	1	1	1	
25	B	91	19	1	1	1	
25	B	95	7	1	1	1	
25	B	99	18	2	1	1	
26	B	7	3	3	1	1	
26	B	11	4	2	1	3	
26	B	15	13	2	1	2	
26	B	19	23	1	1	1	
26	B	23	2	1	1	2	
26	B	27	14	1	1	1	
26	B	31	1	2	1	1	
26	B	35	12	3	1	1	
26	B	39	8	1	1	2	
26	B	43	20	1	1	3	
26	B	47	24	3	1	1	
26	B	51	5	1	1	3	
26	B	55	22	2	1	2	
26	B	59	9	3	1	2	
26	B	63	10	2	1	1	
26	B	67	11	1	1	2	
26	B	71	6	3	1	2	
26	B	75	17	1	1	1	
26	B	79	21	3	1	3	
26	B	83	15	3	1	2	
26	B	87	16	2	1	2	
26	B	91	19	2	1	1	
26	B	95	7	2	1	2	
26	B	99	18	3	1	1	
27	B	7	3	1	0	3	
27	B	11	4	3	1	2	
27	B	15	13	3	1	3	
27	B	19	23	2	1	1	
27	B	23	2	2	1	3	
27	B	27	14	2	0	1	
27	B	31	1	3	1	3	
27	B	35	12	1	0	2	
27	B	39	8	2	0	1	
27	B	43	20	2	0	1	
27	B	47	24	1	0	1	
27	B	51	5	2	0	1	
27	B	55	22	3	0	2	
27	B	59	9	1	0	3	
27	B	63	10	3	1	2	
27	B	67	11	2	0	3	
27	B	71	6	1	0	2	
27	B	75	17	2	0	3	
27	B	79	21	1	0	3	
27	B	83	15	1	0	2	
27	B	87	16	3	1	1	
27	B	91	19	3	1	1	
27	B	95	7	3	1	2	
27	B	99	18	1	0	2	
28	B	7	3	2	0	2	
28	B	11	4	1	0	2	
28	B	15	13	1	0	3	
28	B	19	23	3	1	2	
28	B	23	2	3	1	2	
28	B	27	14	3	1	1	
28	B	31	1	1	0	1	
28	B	35	12	2	0	2	
28	B	39	8	3	1	1	
28	B	43	20	3	1	1	
28	B	47	24	2	0	1	
28	B	51	5	3	1	1	
28	B	55	22	1	0	2	
28	B	59	9	2	0	2	
28	B	63	10	1	0	1	
28	B	67	11	3	1	3	
28	B	71	6	2	0	1	
28	B	75	17	3	1	2	
28	B	79	21	2	0	2	
28	B	83	15	2	0	2	
28	B	87	16	1	0	1	
28	B	91	19	1	0	3	
28	B	95	7	1	0	2	
28	B	99	18	2	0	2	
29	B	7	3	3	1	3	
29	B	11	4	2	1	2	
29	B	15	13	2	1	2	
29	B	19	23	1	0	1	
29	B	23	2	1	0	1	
29	B	27	14	1	1	1	
29	B	31	1	2	1	2	
29	B	35	12	3	1	2	
29	B	39	8	1	1	1	
29	B	43	20	1	1	1	
29	B	47	24	3	1	3	
29	B	51	5	1	1	1	
29	B	55	22	2	1	2	
29	B	59	9	3	1	2	
29	B	63	10	2	1	1	
29	B	67	11	1	1	3	
29	B	71	6	3	1	2	
29	B	75	17	1	1	1	
29	B	79	21	3	1	3	
29	B	83	15	3	1	2	
29	B	87	16	2	0	2	
29	B	91	19	2	1	2	
29	B	95	7	2	1	2	
29	B	99	18	3	1	1	
30	B	7	3	1	0	1	
30	B	11	4	3	1	2	
30	B	15	13	3	1	2	
30	B	19	23	2	0	1	
30	B	23	2	2	1	2	
30	B	27	14	2	0	1	
30	B	31	1	3	1	1	
30	B	35	12	1	1	3	
30	B	39	8	2	1	1	
30	B	43	20	2	1	2	
30	B	47	24	1	1	2	
30	B	51	5	2	0	1	
30	B	55	22	3	1	2	
30	B	59	9	1	1	1	
30	B	63	10	3	1	2	
30	B	67	11	2	1	2	
30	B	71	6	1	1	3	
30	B	75	17	2	1	2	
30	B	79	21	1	1	3	
30	B	83	15	1	1	2	
30	B	87	16	3	1	3	
30	B	91	19	3	1	1	
30	B	95	7	3	1	2	
30	B	99	18	1	1	2	
31	B	7	11	3	1	1	
31	B	11	6	2	1	2	
31	B	15	18	2	0	1	
31	B	19	23	3	1	1	
31	B	23	17	3	1	1	
31	B	27	19	1	1	1	
31	B	31	20	3	1	1	
31	B	35	2	3	1	2	
31	B	39	24	2	1	2	
31	B	43	22	1	1	2	
31	B	47	3	2	1	2	
31	B	51	21	2	1	3	
31	B	55	13	1	1	2	
31	B	59	5	3	1	1	
31	B	63	4	1	1	1	
31	B	67	16	1	1	1	
31	B	71	10	1	1	2	
31	B	75	15	2	1	1	
31	B	79	1	1	1	2	
31	B	83	9	2	1	2	
31	B	87	7	1	1	2	
31	B	91	8	3	1	1	
31	B	95	14	3	1	1	
31	B	99	12	2	1	3	
32	B	7	11	1	1	2	
32	B	11	6	3	1	2	
32	B	15	18	3	1	1	
32	B	19	23	1	0	2	
32	B	23	17	1	0	2	
32	B	27	19	2	0	1	
32	B	31	20	1	0	1	
32	B	35	2	1	0	1	
32	B	39	24	3	1	3	
32	B	43	22	2	1	2	
32	B	47	3	3	1	3	
32	B	51	21	3	1	3	
32	B	55	13	2	1	2	
32	B	59	5	1	1	1	
32	B	63	4	2	1	2	
32	B	67	16	2	1	1	
32	B	71	10	2	1	3	
32	B	75	15	3	1	1	
32	B	79	1	2	1	2	
32	B	83	9	3	1	2	
32	B	87	7	2	0	1	
32	B	91	8	1	1	1	
32	B	95	14	1	1	1	
32	B	99	12	3	1	3	
33	B	7	11	2	0	2	
33	B	11	6	1	1	3	
33	B	15	18	1	1	1	
33	B	19	23	2	1	1	
33	B	23	17	2	1	2	
33	B	27	19	3	1	1	
33	B	31	20	2	1	1	
33	B	35	2	2	0	2	
33	B	39	24	1	1	2	
33	B	43	22	3	1	3	
33	B	47	3	1	1	2	
33	B	51	21	1	1	1	
33	B	55	13	3	1	2	
33	B	59	5	2	1	1	
33	B	63	4	3	1	2	
33	B	67	16	3	1	3	
33	B	71	10	3	1	1	
33	B	75	15	1	1	3	
33	B	79	1	3	1	2	
33	B	83	9	1	1	2	
33	B	87	7	3	1	2	
33	B	91	8	2	1	1	
33	B	95	14	2	1	3	
33	B	99	12	1	1	3	
34	B	7	16	1	1	1	
34	B	11	3	2	1	2	
34	B	15	17	3	1	2	
34	B	19	21	2	1	1	
34	B	23	1	1	1	1	
34	B	27	8	3	1	2	
34	B	31	18	2	1	1	
34	B	35	6	2	1	1	
34	B	39	12	2	1	2	
34	B	43	15	2	1	1	
34	B	47	23	3	1	1	
34	B	51	10	1	1	2	
34	B	55	24	2	1	2	
34	B	59	13	1	1	3	
34	B	63	14	3	1	1	
34	B	67	5	3	1	1	
34	B	71	11	3	1	2	
34	B	75	19	1	1	2	
34	B	79	9	2	1	2	
34	B	83	22	1	1	2	
34	B	87	20	3	1	2	
34	B	91	2	3	1	2	
34	B	95	4	1	1	2	
34	B	99	7	1	0	2	
35	B	7	16	2	1	2	
35	B	11	3	3	1	2	
35	B	15	17	1	1	3	
35	B	19	21	3	1	1	
35	B	23	1	2	1	2	
35	B	27	8	1	1	1	
35	B	31	18	3	1	1	
35	B	35	6	3	1	1	
35	B	39	12	3	1	2	
35	B	43	15	3	1	3	
35	B	47	23	1	1	1	
35	B	51	10	2	0	1	
35	B	55	24	3	1	1	
35	B	59	13	2	1	2	
35	B	63	14	1	1	1	
35	B	67	5	1	1	1	
35	B	71	11	1	1	2	
35	B	75	19	2	0	2	
35	B	79	9	3	1	2	
35	B	83	22	2	1	2	
35	B	87	20	1	1	2	
35	B	91	2	1	1	2	
35	B	95	4	2	1	2	
35	B	99	7	2	1	2	
36	B	7	16	3	1	3	
36	B	11	3	1	1	2	
36	B	15	17	2	1	2	
36	B	19	21	1	1	3	
36	B	23	1	3	1	3	
36	B	27	8	2	1	1	
36	B	31	18	1	1	1	
36	B	35	6	1	1	1	
36	B	39	12	1	1	1	
36	B	43	15	1	1	1	
36	B	47	23	2	1	1	
36	B	51	10	3	1	1	
36	B	55	24	1	1	1	
36	B	59	13	3	1	2	
36	B	63	14	2	1	2	
36	B	67	5	2	1	1	
36	B	71	11	2	1	2	
36	B	75	19	3	1	2	
36	B	79	9	1	1	3	
36	B	83	22	3	1	2	
36	B	87	20	2	1	1	
36	B	91	2	2	1	3	
36	B	95	4	3	1	2	
36	B	99	7	3	1	2	
37	P	7	12	2	1	3	
37	P	11	14	3	1	3	
37	P	15	23	3	1	2	
37	P	19	24	2	1	1	
37	P	23	20	3	1	2	
37	P	27	6	2	1	3	
37	P	31	3	2	1	1	
37	P	35	16	1	1	1	
37	P	39	18	2	1	1	
37	P	43	7	1	1	2	
37	P	47	15	2	1	1	
37	P	51	11	3	1	2	
37	P	55	22	1	1	1	
37	P	59	4	1	1	2	
37	P	63	9	2	0	2	
37	P	67	2	3	1	2	
37	P	71	10	1	1	2	
37	P	75	5	3	1	2	
37	P	79	13	1	1	2	
37	P	83	17	3	1	2	
37	P	87	19	1	1	2	
37	P	91	8	3	1	2	
37	P	95	1	1	1	2	
37	P	99	21	2	0	1	
38	P	7	12	3	1	2	
38	P	11	14	1	1	1	
38	P	15	23	1	1	1	
38	P	19	24	3	1	1	
38	P	23	20	1	1	2	
38	P	27	6	3	1	3	
38	P	31	3	3	1	3	
38	P	35	16	2	1	2	
38	P	39	18	3	1	1	
38	P	43	7	2	1	1	
38	P	47	15	3	1	1	
38	P	51	11	1	1	1	
38	P	55	22	2	1	1	
38	P	59	4	2	1	2	
38	P	63	9	3	1	3	
38	P	67	2	1	1	2	
38	P	71	10	2	1	1	
38	P	75	5	1	1	1	
38	P	79	13	2	1	2	
38	P	83	17	1	1	1	
38	P	87	19	2	1	1	
38	P	91	8	1	1	1	
38	P	95	1	2	1	1	
38	P	99	21	3	1	3	
39	P	7	12	1	1	2	
39	P	11	14	2	0	1	
39	P	15	23	2	0	1	
39	P	19	24	1	1	1	
39	P	23	20	2	1	2	
39	P	27	6	1	1	3	
39	P	31	3	1	1	2	
39	P	35	16	3	1	3	
39	P	39	18	1	1	1	
39	P	43	7	3	1	1	
39	P	47	15	1	1	1	
39	P	51	11	2	1	2	
39	P	55	22	3	1	1	
39	P	59	4	3	1	1	
39	P	63	9	1	0	1	
39	P	67	2	2	1	2	
39	P	71	10	3	1	3	
39	P	75	5	2	0	1	
39	P	79	13	3	1	1	
39	P	83	17	2	0	2	
39	P	87	19	3	1	1	
39	P	91	8	2	1	1	
39	P	95	1	3	1	2	
39	P	99	21	1	1	2	
40	P	7	12	2	1	1	
40	P	11	14	3	1	2	
40	P	15	23	3	1	1	
40	P	19	24	2	1	2	
40	P	23	20	3	1	1	
40	P	27	6	2	1	2	
40	P	31	3	2	1	2	
40	P	35	16	1	1	3	
40	P	39	18	2	0	1	
40	P	43	7	1	0	2	
40	P	47	15	2	0	1	
40	P	51	11	3	1	2	
40	P	55	22	1	1	3	
40	P	59	4	1	1	3	
40	P	63	9	2	1	1	
40	P	67	2	3	1	2	
40	P	71	10	1	1	2	
40	P	75	5	3	1	2	
40	P	79	13	1	1	2	
40	P	83	17	3	1	2	
40	P	87	19	1	1	2	
40	P	91	8	3	1	2	
40	P	95	1	1	1	1	
40	P	99	21	2	1	3	
41	P	7	12	3	1	1	
41	P	11	14	1	1	1	
41	P	15	23	1	1	1	
41	P	19	24	3	1	1	
41	P	23	20	1	1	1	
41	P	27	6	3	1	2	
41	P	31	3	3	1	1	
41	P	35	16	2	1	3	
41	P	39	18	3	1	1	
41	P	43	7	2	1	2	
41	P	47	15	3	1	1	
41	P	51	11	1	1	3	
41	P	55	22	2	1	2	
41	P	59	4	2	1	2	
41	P	63	9	3	1	2	
41	P	67	2	1	1	3	
41	P	71	10	2	1	3	
41	P	75	5	1	1	2	
41	P	79	13	2	1	2	
41	P	83	17	1	1	3	
41	P	87	19	2	1	2	
41	P	91	8	1	1	1	
41	P	95	1	2	1	2	
41	P	99	21	3	1	1	
42	P	7	12	1	1	1	
42	P	11	14	2	1	3	
42	P	15	23	2	1	1	
42	P	19	24	1	1	3	
42	P	23	20	2	1	3	
42	P	27	6	1	1	3	
42	P	31	3	1	1	1	
42	P	35	16	3	1	2	
42	P	39	18	1	1	2	
42	P	43	7	3	1	2	
42	P	47	15	1	0	2	
42	P	51	11	2	1	2	
42	P	55	22	3	1	3	
42	P	59	4	3	1	2	
42	P	63	9	1	1	2	
42	P	67	2	2	1	2	
42	P	71	10	3	1	2	
42	P	75	5	2	1	2	
42	P	79	13	3	1	2	
42	P	83	17	2	1	3	
42	P	87	19	3	1	2	
42	P	91	8	2	1	2	
42	P	95	1	3	1	2	
42	P	99	21	1	1	3	
43	P	7	22	1	1	1	
43	P	11	11	3	1	1	
43	P	15	3	2	1	3	
43	P	19	1	1	1	1	
43	P	23	16	1	1	1	
43	P	27	8	3	1	1	
43	P	31	17	3	1	2	
43	P	35	7	1	1	2	
43	P	39	15	2	1	1	
43	P	43	9	2	0	2	
43	P	47	21	2	1	3	
43	P	51	12	2	1	2	
43	P	55	18	2	1	1	
43	P	59	20	3	1	2	
43	P	63	19	1	1	1	
43	P	67	24	2	0	1	
43	P	71	23	3	1	2	
43	P	75	13	1	1	2	
43	P	79	2	3	1	3	
43	P	83	4	1	1	1	
43	P	87	10	1	1	2	
43	P	91	5	3	1	2	
43	P	95	6	2	1	2	
43	P	99	14	3	0	1	
44	P	7	22	2	1	2	
44	P	11	11	1	1	3	
44	P	15	3	3	1	2	
44	P	19	1	2	0	2	
44	P	23	16	2	1	2	
44	P	27	8	1	1	1	
44	P	31	17	1	1	2	
44	P	35	7	2	1	2	
44	P	39	15	3	1	1	
44	P	43	9	3	1	2	
44	P	47	21	3	1	2	
44	P	51	12	3	1	3	
44	P	55	18	3	1	1	
44	P	59	20	1	1	3	
44	P	63	19	2	1	2	
44	P	67	24	3	1	3	
44	P	71	23	1	1	2	
44	P	75	13	2	1	1	
44	P	79	2	1	1	2	
44	P	83	4	2	1	2	
44	P	87	10	2	1	2	
44	P	91	5	1	1	1	
44	P	95	6	3	1	2	
44	P	99	14	1	1	3	
45	P	7	22	3	1	2	
45	P	11	11	2	0	2	
45	P	15	3	1	0	2	
45	P	19	1	3	1	1	
45	P	23	16	3	1	2	
45	P	27	8	2	0	1	
45	P	31	17	2	0	2	
45	P	35	7	3	1	1	
45	P	39	15	1	0	1	
45	P	43	9	1	0	2	
45	P	47	21	1	0	2	
45	P	51	12	1	0	3	
45	P	55	18	1	0	1	
45	P	59	20	2	0	3	
45	P	63	19	3	1	2	
45	P	67	24	1	0	2	
45	P	71	23	2	0	1	
45	P	75	13	3	1	2	
45	P	79	2	2	0	2	
45	P	83	4	3	1	2	
45	P	87	10	3	1	2	
45	P	91	5	2	0	1	
45	P	95	6	1	0	2	
45	P	99	14	2	0	1	
46	P	7	22	3	1	2	
46	P	11	11	2	0	2	
46	P	15	3	1	0	3	
46	P	19	1	3	1	1	
46	P	23	16	3	1	2	
46	P	27	8	2	1	2	
46	P	31	17	2	1	3	
46	P	35	7	3	1	2	
46	P	39	15	1	1	2	
46	P	43	9	1	1	2	
46	P	47	21	1	1	1	
46	P	51	12	1	1	2	
46	P	55	18	1	1	1	
46	P	59	20	2	1	1	
46	P	63	19	3	1	2	
46	P	67	24	1	0	3	
46	P	71	23	2	0	2	
46	P	75	13	3	1	1	
46	P	79	2	2	0	2	
46	P	83	4	3	1	2	
46	P	87	10	3	1	1	
46	P	91	5	2	0	1	
46	P	95	6	1	1	3	
46	P	99	14	2	0	1	
47	P	7	22	1	1	2	
47	P	11	11	3	0	1	
47	P	15	3	2	1	2	
47	P	19	1	1	1	3	
47	P	23	16	1	1	2	
47	P	27	8	3	1	1	
47	P	31	17	3	1	2	
47	P	35	7	1	1	2	
47	P	39	15	2	1	2	
47	P	43	9	2	1	2	
47	P	47	21	2	1	3	
47	P	51	12	2	1	2	
47	P	55	18	2	1	2	
47	P	59	20	3	1	3	
47	P	63	19	1	1	2	
47	P	67	24	2	1	1	
47	P	71	23	3	1	2	
47	P	75	13	1	1	3	
47	P	79	2	3	1	2	
47	P	83	4	1	1	2	
47	P	87	10	1	1	2	
47	P	91	5	3	1	2	
47	P	95	6	2	0	1	
47	P	99	14	3	1	3	
48	P	7	22	2	1	2	
48	P	11	11	1	1	3	
48	P	15	3	3	1	2	
48	P	19	1	2	1	1	
48	P	23	16	2	1	2	
48	P	27	8	1	1	2	
48	P	31	17	1	1	3	
48	P	35	7	2	1	2	
48	P	39	15	3	1	1	
48	P	43	9	3	1	2	
48	P	47	21	3	1	1	
48	P	51	12	3	1	2	
48	P	55	18	3	1	1	
48	P	59	20	1	1	1	
48	P	63	19	2	1	2	
48	P	67	24	3	1	2	
48	P	71	23	1	1	2	
48	P	75	13	2	1	2	
48	P	79	2	1	0	2	
48	P	83	4	2	0	2	
48	P	87	10	2	1	2	
48	P	91	5	1	1	2	
48	P	95	6	3	1	1	
48	P	99	14	1	1	1	
49	P	7	22	3	1	1	
49	P	11	11	2	0	2	
49	P	15	3	1	0	2	
49	P	19	1	3	1	1	
49	P	23	16	3	1	2	
49	P	27	8	2	1	1	
49	P	31	17	2	0	2	
49	P	35	7	3	1	2	
49	P	39	15	1	1	2	
49	P	43	9	1	0	2	
49	P	47	21	1	0	3	
49	P	51	12	1	0	2	
49	P	55	18	1	0	2	
49	P	59	20	2	0	2	
49	P	63	19	3	1	1	
49	P	67	24	1	1	2	
49	P	71	23	2	0	2	
49	P	75	13	3	1	2	
49	P	79	2	2	0	2	
49	P	83	4	3	1	2	
49	P	87	10	3	1	2	
49	P	91	5	2	0	2	
49	P	95	6	1	1	3	
49	P	99	14	2	1	1	
50	P	7	22	1	1	2	
50	P	11	16	1	0	3	
50	P	15	9	2	1	2	
50	P	19	4	1	1	1	
50	P	23	13	1	1	2	
50	P	27	10	1	1	2	
50	P	31	6	2	1	2	
50	P	35	20	3	1	2	
50	P	39	5	3	1	1	
50	P	43	8	3	1	1	
50	P	47	1	1	1	2	
50	P	51	21	2	1	1	
50	P	55	15	2	1	2	
50	P	59	17	3	1	3	
50	P	63	14	3	1	1	
50	P	67	7	1	1	1	
50	P	71	23	3	1	1	
50	P	75	11	3	1	3	
50	P	79	24	2	1	1	
50	P	83	2	3	1	3	
50	P	87	18	2	1	1	
50	P	91	12	2	1	3	
50	P	95	19	1	1	1	
50	P	99	3	2	1	1	
51	P	7	22	2	1	1	
51	P	11	16	2	1	3	
51	P	15	9	3	1	2	
51	P	19	4	2	0	3	
51	P	23	13	2	1	2	
51	P	27	10	2	0	2	
51	P	31	6	3	1	2	
51	P	35	20	1	1	3	
51	P	39	5	1	1	1	
51	P	43	8	1	1	3	
51	P	47	1	2	1	2	
51	P	51	21	3	1	2	
51	P	55	15	3	1	3	
51	P	59	17	1	1	2	
51	P	63	14	1	1	3	
51	P	67	7	2	1	3	
51	P	71	23	1	0	1	
51	P	75	11	1	1	3	
51	P	79	24	3	1	2	
51	P	83	2	1	1	2	
51	P	87	18	3	1	2	
51	P	91	12	3	1	2	
51	P	95	19	2	0	2	
51	P	99	3	3	1	2	
52	P	7	22	3	1	2	
52	P	11	16	3	1	1	
52	P	15	9	1	1	2	
52	P	19	4	3	1	3	
52	P	23	13	3	1	2	
52	P	27	10	3	1	2	
52	P	31	6	1	1	2	
52	P	35	20	2	1	2	
52	P	39	5	2	1	1	
52	P	43	8	2	1	1	
52	P	47	1	3	1	2	
52	P	51	21	1	1	1	
52	P	55	15	1	1	2	
52	P	59	17	2	1	2	
52	P	63	14	2	1	3	
52	P	67	7	3	1	2	
52	P	71	23	2	1	2	
52	P	75	11	2	1	3	
52	P	79	24	1	1	2	
52	P	83	2	2	1	2	
52	P	87	18	1	1	2	
52	P	91	12	1	1	2	
52	P	95	19	3	1	2	
52	P	99	3	1	1	2	
53	P	7	15	2	1	3	
53	P	11	17	3	1	2	
53	P	15	19	1	1	2	
53	P	19	1	1	1	2	
53	P	23	20	3	1	2	
53	P	27	16	1	1	2	
53	P	31	9	2	1	2	
53	P	35	6	2	1	2	
53	P	39	4	1	1	3	
53	P	43	21	2	0	2	
53	P	47	23	3	1	2	
53	P	51	11	3	1	2	
53	P	55	22	1	1	2	
53	P	59	5	3	1	1	
53	P	63	14	3	1	1	
53	P	67	12	2	1	2	
53	P	71	2	3	1	2	
53	P	75	8	3	1	1	
53	P	79	10	1	1	2	
53	P	83	7	1	1	2	
53	P	87	24	2	1	2	
53	P	91	13	1	1	2	
53	P	95	3	2	1	2	
53	P	99	18	2	1	1	
54	P	7	15	3	1	1	
54	P	11	17	1	1	3	
54	P	15	19	2	0	1	
54	P	19	1	2	0	1	
54	P	23	20	1	1	1	
54	P	27	16	2	1	3	
54	P	31	9	3	1	2	
54	P	35	6	3	1	3	
54	P	39	4	2	0	2	
54	P	43	21	3	1	3	
54	P	47	23	1	1	1	
54	P	51	11	1	1	1	
54	P	55	22	2	0	3	
54	P	59	5	1	1	2	
54	P	63	14	1	1	1	
54	P	67	12	3	1	2	
54	P	71	2	1	1	2	
54	P	75	8	1	1	3	
54	P	79	10	2	0	2	
54	P	83	7	2	1	2	
54	P	87	24	3	1	1	
54	P	91	13	2	0	2	
54	P	95	3	3	1	1	
54	P	99	18	3	1	1	
55	P	7	15	1	1	2	
55	P	11	17	2	1	3	
55	P	15	19	3	1	2	
55	P	19	1	3	1	1	
55	P	23	20	2	1	2	
55	P	27	16	3	1	2	
55	P	31	9	1	1	2	
55	P	35	6	1	1	2	
55	P	39	4	3	1	3	
55	P	43	21	1	1	3	
55	P	47	23	2	1	2	
55	P	51	11	2	1	2	
55	P	55	22	3	1	2	
55	P	59	5	2	1	2	
55	P	63	14	2	1	1	
55	P	67	12	1	1	2	
55	P	71	2	2	1	3	
55	P	75	8	2	1	2	
55	P	79	10	3	1	3	
55	P	83	7	3	1	2	
55	P	87	24	1	1	3	
55	P	91	13	3	1	2	
55	P	95	3	1	1	2	
55	P	99	18	1	1	3	
56	P	7	14	3	1	3	
56	P	11	20	3	1	2	
56	P	15	17	3	1	2	
56	P	19	24	2	1	3	
56	P	23	4	1	1	3	
56	P	27	19	1	1	2	
56	P	31	7	1	1	1	
56	P	35	3	2	0	1	
56	P	39	1	1	1	1	
56	P	43	15	2	1	2	
56	P	47	2	3	1	2	
56	P	51	10	1	1	1	
56	P	55	18	2	1	2	
56	P	59	21	2	1	1	
56	P	63	23	3	1	2	
56	P	67	11	3	1	3	
56	P	71	22	1	1	2	
56	P	75	12	2	1	2	
56	P	79	8	3	1	2	
56	P	83	9	2	1	3	
56	P	87	13	1	1	2	
56	P	91	16	1	1	2	
56	P	95	6	2	1	2	
56	P	99	5	3	1	3	
57	P	7	14	1	1	1	
57	P	11	20	1	1	1	
57	P	15	17	1	1	3	
57	P	19	24	3	1	1	
57	P	23	4	2	1	2	
57	P	27	19	2	1	2	
57	P	31	7	2	1	2	
57	P	35	3	3	1	1	
57	P	39	1	2	0	3	
57	P	43	15	3	1	3	
57	P	47	2	1	0	2	
57	P	51	10	2	1	1	
57	P	55	18	3	1	1	
57	P	59	21	3	1	1	
57	P	63	23	1	1	2	
57	P	67	11	1	1	3	
57	P	71	22	2	1	2	
57	P	75	12	3	1	3	
57	P	79	8	1	1	2	
57	P	83	9	3	1	3	
57	P	87	13	2	1	2	
57	P	91	16	2	1	3	
57	P	95	6	3	1	2	
57	P	99	5	1	1	1	
58	P	7	14	2	1	1	
58	P	11	20	2	1	2	
58	P	15	17	2	1	2	
58	P	19	24	1	1	2	
58	P	23	4	3	1	2	
58	P	27	19	3	1	1	
58	P	31	7	3	1	2	
58	P	35	3	1	1	2	
58	P	39	1	3	1	2	
58	P	43	15	1	1	2	
58	P	47	2	2	1	2	
58	P	51	10	3	1	2	
58	P	55	18	1	1	1	
58	P	59	21	1	1	2	
58	P	63	23	2	1	2	
58	P	67	11	2	1	3	
58	P	71	22	3	1	2	
58	P	75	12	1	1	2	
58	P	79	8	2	1	3	
58	P	83	9	1	1	2	
58	P	87	13	3	1	2	
58	P	91	16	3	1	3	
58	P	95	6	1	1	1	
58	P	99	5	2	1	1	
59	P	7	6	2	1	2	
59	P	11	21	2	1	3	
59	P	15	13	1	1	1	
59	P	19	18	2	1	1	
59	P	23	15	2	1	1	
59	P	27	5	3	1	1	
59	P	31	10	1	1	1	
59	P	35	12	2	1	3	
59	P	39	11	3	1	1	
59	P	43	7	1	0	2	
59	P	47	22	1	1	1	
59	P	51	17	3	1	1	
59	P	55	9	2	1	2	
59	P	59	2	3	1	3	
59	P	63	3	2	1	3	
59	P	67	14	3	1	3	
59	P	71	19	1	0	1	
59	P	75	20	3	1	1	
59	P	79	1	1	1	1	
59	P	83	24	2	1	3	
59	P	87	8	3	1	1	
59	P	91	16	1	0	1	
59	P	95	23	3	1	3	
59	P	99	4	1	1	1	
60	P	7	6	3	1	2	
60	P	11	21	3	1	3	
60	P	15	13	2	1	3	
60	P	19	18	3	1	2	
60	P	23	15	3	1	2	
60	P	27	5	1	1	1	
60	P	31	10	2	0	2	
60	P	35	12	3	0	1	
60	P	39	11	1	1	2	
60	P	43	7	2	1	2	
60	P	47	22	2	1	2	
60	P	51	17	1	1	2	
60	P	55	9	3	1	3	
60	P	59	2	1	1	2	
60	P	63	3	3	1	2	
60	P	67	14	1	1	3	
60	P	71	19	2	1	1	
60	P	75	20	1	1	2	
60	P	79	1	2	1	2	
60	P	83	24	3	1	2	
60	P	87	8	1	1	1	
60	P	91	16	2	1	3	
60	P	95	23	1	1	2	
60	P	99	4	2	1	2	
61	P	7	6	1	1	2	
61	P	11	21	1	1	3	
61	P	15	13	3	1	2	
61	P	19	18	1	1	1	
61	P	23	15	1	0	1	
61	P	27	5	2	0	3	
61	P	31	10	3	1	2	
61	P	35	12	1	1	2	
61	P	39	11	2	1	2	
61	P	43	7	3	1	2	
61	P	47	22	3	1	2	
61	P	51	17	2	0	2	
61	P	55	9	1	1	2	
61	P	59	2	2	0	2	
61	P	63	3	1	1	2	
61	P	67	14	2	0	1	
61	P	71	19	3	1	2	
61	P	75	20	2	1	2	
61	P	79	1	3	1	1	
61	P	83	24	1	1	2	
61	P	87	8	2	1	3	
61	P	91	16	3	1	2	
61	P	95	23	2	1	2	
61	P	99	4	3	1	1	
62	P	7	7	1	1	2	
62	P	11	22	1	1	2	
62	P	15	9	2	0	2	
62	P	19	17	3	1	3	
62	P	23	15	2	1	2	
62	P	27	10	1	1	2	
62	P	31	8	3	1	1	
62	P	35	5	3	1	1	
62	P	39	3	2	1	2	
62	P	43	23	3	1	3	
62	P	47	4	1	1	2	
62	P	51	14	3	0	2	
62	P	55	21	2	0	3	
62	P	59	20	3	1	2	
62	P	63	11	3	1	2	
62	P	67	6	2	1	2	
62	P	71	18	2	1	2	
62	P	75	2	3	1	2	
62	P	79	1	1	1	2	
62	P	83	12	2	1	3	
62	P	87	19	1	1	2	
62	P	91	13	1	1	1	
62	P	95	16	1	1	3	
62	P	99	24	2	1	1	
63	P	7	7	2	1	2	
63	P	11	22	2	0	2	
63	P	15	9	3	1	2	
63	P	19	17	1	0	3	
63	P	23	15	3	1	2	
63	P	27	10	2	0	2	
63	P	31	8	1	0	1	
63	P	35	5	1	0	1	
63	P	39	3	3	1	1	
63	P	43	23	1	0	1	
63	P	47	4	2	1	2	
63	P	51	14	1	0	3	
63	P	55	21	3	1	3	
63	P	59	20	1	0	2	
63	P	63	11	1	0	2	
63	P	67	6	3	1	2	
63	P	71	18	3	1	1	
63	P	75	2	1	0	3	
63	P	79	1	2	0	1	
63	P	83	12	3	1	2	
63	P	87	19	2	1	1	
63	P	91	13	2	0	2	
63	P	95	16	2	1	2	
63	P	99	24	3	1	1	
64	P	7	3	2	1	3	
64	P	11	4	1	1	1	
64	P	15	13	1	1	2	
64	P	19	23	3	1	1	
64	P	23	2	3	1	3	
64	P	27	14	3	1	1	
64	P	31	1	1	1	1	
64	P	35	12	2	0	1	
64	P	39	8	3	1	2	
64	P	43	20	3	1	3	
64	P	47	24	2	1	1	
64	P	51	5	3	1	1	
64	P	55	22	1	1	3	
64	P	59	9	2	1	2	
64	P	63	10	1	1	2	
64	P	67	11	3	1	3	
64	P	71	6	2	1	2	
64	P	75	17	3	1	3	
64	P	79	21	2	0	1	
64	P	83	15	2	1	3	
64	P	87	16	1	1	3	
64	P	91	19	1	1	1	
64	P	95	7	1	1	2	
64	P	99	18	2	1	1	
65	P	7	3	3	1	1	
65	P	11	4	2	1	2	
65	P	15	13	2	1	2	
65	P	19	23	1	1	2	
65	P	23	2	1	0	3	
65	P	27	14	1	1	1	
65	P	31	1	2	1	2	
65	P	35	12	3	1	3	
65	P	39	8	1	1	1	
65	P	43	20	1	1	3	
65	P	47	24	3	1	2	
65	P	51	5	1	1	3	
65	P	55	22	2	1	2	
65	P	59	9	3	1	2	
65	P	63	10	2	1	1	
65	P	67	11	1	1	2	
65	P	71	6	3	1	2	
65	P	75	17	1	1	2	
65	P	79	21	3	1	1	
65	P	83	15	3	1	2	
65	P	87	16	2	1	3	
65	P	91	19	2	1	1	
65	P	95	7	2	0	2	
65	P	99	18	3	1	3	
66	P	7	3	1	1	2	
66	P	11	4	3	1	2	
66	P	15	13	3	1	1	
66	P	19	23	2	0	1	
66	P	23	2	2	1	3	
66	P	27	14	2	1	1	
66	P	31	1	3	1	2	
66	P	35	12	1	1	2	
66	P	39	8	2	1	1	
66	P	43	20	2	1	2	
66	P	47	24	1	1	2	
66	P	51	5	2	0	1	
66	P	55	22	3	1	2	
66	P	59	9	1	1	3	
66	P	63	10	3	1	1	
66	P	67	11	2	1	3	
66	P	71	6	1	1	3	
66	P	75	17	2	0	3	
66	P	79	21	1	1	3	
66	P	83	15	1	1	2	
66	P	87	16	3	1	3	
66	P	91	19	3	1	2	
66	P	95	7	3	1	1	
66	P	99	18	1	1	1	
67	P	7	11	3	1	1	
67	P	11	6	2	1	3	
67	P	15	18	2	1	1	
67	P	19	23	3	1	1	
67	P	23	17	3	1	2	
67	P	27	19	1	1	1	
67	P	31	20	3	1	1	
67	P	35	2	3	1	2	
67	P	39	24	2	1	2	
67	P	43	22	1	1	3	
67	P	47	3	2	1	2	
67	P	51	21	2	1	2	
67	P	55	13	1	1	1	
67	P	59	5	3	1	1	
67	P	63	4	1	1	2	
67	P	67	16	1	1	1	
67	P	71	10	1	1	2	
67	P	75	15	2	1	2	
67	P	79	1	1	1	2	
67	P	83	9	2	1	1	
67	P	87	7	1	0	3	
67	P	91	8	3	1	2	
67	P	95	14	3	1	3	
67	P	99	12	2	1	2	
68	P	7	11	1	1	2	
68	P	11	6	3	1	2	
68	P	15	18	3	1	2	
68	P	19	23	1	1	1	
68	P	23	17	1	1	1	
68	P	27	19	2	1	2	
68	P	31	20	1	1	2	
68	P	35	2	1	1	2	
68	P	39	24	3	1	2	
68	P	43	22	2	1	2	
68	P	47	3	3	1	2	
68	P	51	21	3	1	2	
68	P	55	13	2	0	2	
68	P	59	5	1	1	2	
68	P	63	4	2	0	3	
68	P	67	16	2	1	2	
68	P	71	10	2	0	3	
68	P	75	15	3	1	2	
68	P	79	1	2	0	2	
68	P	83	9	3	1	3	
68	P	87	7	2	1	2	
68	P	91	8	1	1	2	
68	P	95	14	1	1	3	
68	P	99	12	3	1	3	
69	P	7	11	2	1	2	
69	P	11	6	1	1	1	
69	P	15	18	1	1	1	
69	P	19	23	2	0	3	
69	P	23	17	2	0	3	
69	P	27	19	3	1	1	
69	P	31	20	2	1	1	
69	P	35	2	2	0	3	
69	P	39	24	1	1	1	
69	P	43	22	3	1	2	
69	P	47	3	1	1	1	
69	P	51	21	1	1	1	
69	P	55	13	3	1	2	
69	P	59	5	2	1	2	
69	P	63	4	3	1	1	
69	P	67	16	3	1	1	
69	P	71	10	3	1	1	
69	P	75	15	1	1	1	
69	P	79	1	3	1	1	
69	P	83	9	1	1	1	
69	P	87	7	3	1	1	
69	P	91	8	2	1	1	
69	P	95	14	2	1	1	
69	P	99	12	1	1	1	
70	P	7	16	1	1	2	
70	P	11	3	2	1	3	
70	P	15	17	3	1	2	
70	P	19	21	2	1	1	
70	P	23	1	1	1	1	
70	P	27	8	3	1	1	
70	P	31	18	2	1	1	
70	P	35	6	2	1	3	
70	P	39	12	2	1	3	
70	P	43	15	2	1	2	
70	P	47	23	3	1	2	
70	P	51	10	1	1	2	
70	P	55	24	2	1	1	
70	P	59	13	1	1	3	
70	P	63	14	3	1	3	
70	P	67	5	3	1	1	
70	P	71	11	3	1	2	
70	P	75	19	1	1	2	
70	P	79	9	2	1	2	
70	P	83	22	1	1	2	
70	P	87	20	3	1	2	
70	P	91	2	3	1	2	
70	P	95	4	1	1	2	
70	P	99	7	1	1	3	
71	P	7	16	2	1	2	
71	P	11	3	3	1	2	
71	P	15	17	1	1	2	
71	P	19	21	3	1	3	
71	P	23	1	2	1	3	
71	P	27	8	1	1	1	
71	P	31	18	3	1	3	
71	P	35	6	3	1	2	
71	P	39	12	3	1	3	
71	P	43	15	3	1	2	
71	P	47	23	1	1	2	
71	P	51	10	2	1	2	
71	P	55	24	3	1	3	
71	P	59	13	2	1	2	
71	P	63	14	1	1	3	
71	P	67	5	1	1	1	
71	P	71	11	1	1	2	
71	P	75	19	2	1	1	
71	P	79	9	3	1	2	
71	P	83	22	2	1	3	
71	P	87	20	1	1	2	
71	P	91	2	1	1	2	
71	P	95	4	2	0	2	
71	P	99	7	2	1	2	
72	P	7	16	3	1	2	
72	P	11	3	1	0	2	
72	P	15	17	2	0	2	
72	P	19	21	1	0	3	
72	P	23	1	3	1	1	
72	P	27	8	2	1	1	
72	P	31	18	1	1	3	
72	P	35	6	1	0	3	
72	P	39	12	1	1	1	
72	P	43	15	1	1	2	
72	P	47	23	2	0	2	
72	P	51	10	3	1	2	
72	P	55	24	1	1	1	
72	P	59	13	3	1	3	
72	P	63	14	2	0	3	
72	P	67	5	2	0	1	
72	P	71	11	2	1	2	
72	P	75	19	3	1	2	
72	P	79	9	1	1	3	
72	P	83	22	3	1	2	
72	P	87	20	2	1	2	
72	P	91	2	2	0	2	
72	P	95	4	3	1	2	
72	P	99	7	3	1	2	
73	M	7	6	1	1	3	
73	M	11	21	1	1	3	
73	M	15	13	3	1	1	
73	M	19	18	1	1	1	
73	M	23	15	1	1	2	
73	M	27	5	2	1	1	
73	M	31	10	3	1	1	
73	M	35	12	1	1	1	
73	M	39	11	2	1	2	
73	M	43	7	3	1	2	
73	M	47	22	3	1	2	
73	M	51	17	2	1	3	
73	M	55	9	1	1	2	
73	M	59	2	2	1	2	
73	M	63	3	1	1	2	
73	M	67	14	2	1	3	
73	M	71	19	3	1	2	
73	M	75	20	2	1	2	
73	M	79	1	3	1	2	
73	M	83	24	1	1	1	
73	M	87	8	2	1	1	
73	M	91	16	3	1	2	
73	M	95	23	2	0	2	
73	M	99	4	3	1	2	
74	M	7	6	3	1	2	
74	M	11	21	3	1	3	
74	M	15	13	2	1	2	
74	M	19	18	3	1	1	
74	M	23	15	3	1	3	
74	M	27	5	1	1	1	
74	M	31	10	2	1	2	
74	M	35	12	3	1	2	
74	M	39	11	1	1	1	
74	M	43	7	2	1	2	
74	M	47	22	2	1	3	
74	M	51	17	1	1	2	
74	M	55	9	3	1	2	
74	M	59	2	1	1	1	
74	M	63	3	3	1	1	
74	M	67	14	1	1	1	
74	M	71	19	2	1	3	
74	M	75	20	1	1	1	
74	M	79	1	2	1	1	
74	M	83	24	3	1	1	
74	M	87	8	1	1	1	
74	M	91	16	2	1	3	
74	M	95	23	1	1	3	
74	M	99	4	2	1	2	
75	M	7	12	2	1	3	
75	M	11	14	3	1	2	
75	M	15	23	3	1	2	
75	M	19	24	2	1	3	
75	M	23	20	3	1	1	
75	M	27	6	2	1	3	
75	M	31	3	2	1	3	
75	M	35	16	1	1	3	
75	M	39	18	2	1	1	
75	M	43	7	1	1	1	
75	M	47	15	2	1	1	
75	M	51	11	3	1	3	
75	M	55	22	1	1	2	
75	M	59	4	1	1	2	
75	M	63	9	2	1	2	
75	M	67	2	3	1	2	
75	M	71	10	1	1	1	
75	M	75	5	3	1	1	
75	M	79	13	1	1	3	
75	M	83	17	3	1	3	
75	M	87	19	1	1	2	
75	M	91	8	3	1	1	
75	M	95	1	1	1	2	
75	M	99	21	2	0	3	
76	M	7	16	1	0	2	
76	M	11	3	2	0	2	
76	M	15	17	3	1	2	
76	M	19	21	2	1	2	
76	M	23	1	1	0	2	
76	M	27	8	3	1	2	
76	M	31	18	2	0	1	
76	M	35	6	2	0	3	
76	M	39	12	2	1	2	
76	M	43	15	2	0	3	
76	M	47	23	3	1	2	
76	M	51	10	1	1	3	
76	M	55	24	2	1	2	
76	M	59	13	1	1	3	
76	M	63	14	3	1	2	
76	M	67	5	3	1	2	
76	M	71	11	3	1	2	
76	M	75	19	1	1	2	
76	M	79	9	2	1	2	
76	M	83	22	1	1	1	
76	M	87	20	3	1	2	
76	M	91	2	3	1	2	
76	M	95	4	1	1	2	
76	M	99	7	1	1	3	
77	M	7	14	1	1	1	
77	M	11	20	1	1	1	
77	M	15	17	1	1	2	
77	M	19	24	3	1	2	
77	M	23	4	2	1	2	
77	M	27	19	2	1	2	
77	M	31	7	2	1	3	
77	M	35	3	3	1	1	
77	M	39	1	2	1	2	
77	M	43	15	3	1	1	
77	M	47	2	1	1	1	
77	M	51	10	2	1	2	
77	M	55	18	3	1	1	
77	M	59	21	3	1	2	
77	M	63	23	1	1	2	
77	M	67	11	1	1	3	
77	M	71	22	2	1	2	
77	M	75	12	3	1	2	
77	M	79	8	1	1	1	
77	M	83	9	3	1	2	
77	M	87	13	2	1	3	
77	M	91	16	2	1	2	
77	M	95	6	3	1	1	
77	M	99	5	1	1	1	
78	M	7	6	2	1	2	
78	M	11	21	2	1	3	
78	M	15	13	1	1	2	
78	M	19	18	2	1	1	
78	M	23	15	2	1	1	
78	M	27	5	3	1	2	
78	M	31	10	1	1	2	
78	M	35	12	2	1	2	
78	M	39	11	3	1	2	
78	M	43	7	1	1	2	
78	M	47	22	1	1	2	
78	M	51	17	3	1	3	
78	M	55	9	2	1	2	
78	M	59	2	3	1	1	
78	M	63	3	2	1	2	
78	M	67	14	3	1	2	
78	M	71	19	1	1	2	
78	M	75	20	3	1	2	
78	M	79	1	1	1	2	
78	M	83	24	2	1	3	
78	M	87	8	3	1	2	
78	M	91	16	1	1	2	
78	M	95	23	3	1	2	
78	M	99	4	1	1	1	
79	M	7	14	3	1	2	
79	M	11	20	3	1	2	
79	M	15	17	3	1	1	
79	M	19	24	2	0	1	
79	M	23	4	1	1	3	
79	M	27	19	1	1	1	
79	M	31	7	1	1	2	
79	M	35	3	2	1	1	
79	M	39	1	1	1	1	
79	M	43	15	2	1	2	
79	M	47	2	3	1	1	
79	M	51	10	1	1	2	
79	M	55	18	2	1	1	
79	M	59	21	2	1	3	
79	M	63	23	3	1	2	
79	M	67	11	3	1	2	
79	M	71	22	1	1	2	
79	M	75	12	2	1	2	
79	M	79	8	3	1	1	
79	M	83	9	2	0	2	
79	M	87	13	1	1	3	
79	M	91	16	1	1	3	
79	M	95	6	2	1	3	
79	M	99	5	3	1	1	
80	M	7	15	3	1	3	
80	M	11	17	1	0	3	
80	M	15	19	2	0	3	
80	M	19	1	2	1	2	
80	M	23	20	1	1	3	
80	M	27	16	2	1	3	
80	M	31	9	3	1	3	
80	M	35	6	3	1	3	
80	M	39	4	2	1	2	
80	M	43	21	3	1	3	
80	M	47	23	1	1	1	
80	M	51	11	1	1	3	
80	M	55	22	2	1	2	
80	M	59	5	1	1	1	
80	M	63	14	1	1	1	
80	M	67	12	3	1	3	
80	M	71	2	1	1	2	
80	M	75	8	1	1	3	
80	M	79	10	2	1	2	
80	M	83	7	2	1	2	
80	M	87	24	3	1	3	
80	M	91	13	2	1	3	
80	M	95	3	3	1	2	
80	M	99	18	3	1	1	
81	M	7	22	2	0	2	
81	M	11	11	1	1	1	
81	M	15	3	3	1	2	
81	M	19	1	2	1	2	
81	M	23	16	2	1	2	
81	M	27	8	1	1	1	
81	M	31	17	1	1	1	
81	M	35	7	2	1	1	
81	M	39	15	3	1	1	
81	M	43	9	3	1	2	
81	M	47	21	3	1	3	
81	M	51	12	3	1	2	
81	M	55	18	3	1	1	
81	M	59	20	1	1	1	
81	M	63	19	2	1	2	
81	M	67	24	3	1	1	
81	M	71	23	1	1	1	
81	M	75	13	2	1	2	
81	M	79	2	1	1	3	
81	M	83	4	2	0	3	
81	M	87	10	2	0	1	
81	M	91	5	1	1	1	
81	M	95	6	3	1	2	
81	M	99	14	1	1	1	
82	M	7	22	2	0	3	
82	M	11	16	2	1	3	
82	M	15	9	3	1	2	
82	M	19	4	2	1	2	
82	M	23	13	2	1	2	
82	M	27	10	2	1	3	
82	M	31	6	3	1	3	
82	M	35	20	1	1	3	
82	M	39	5	1	1	3	
82	M	43	8	1	1	1	
82	M	47	1	2	1	2	
82	M	51	21	3	1	1	
82	M	55	15	3	1	1	
82	M	59	17	1	1	3	
82	M	63	14	1	1	2	
82	M	67	7	2	1	2	
82	M	71	23	1	1	1	
82	M	75	11	1	1	2	
82	M	79	24	3	1	2	
82	M	83	2	1	1	2	
82	M	87	18	3	1	2	
82	M	91	12	3	1	1	
82	M	95	19	2	1	2	
82	M	99	3	3	1	3	
83	M	7	22	1	0	2	
83	M	11	11	3	1	2	
83	M	15	3	2	0	2	
83	M	19	1	1	1	1	
83	M	23	16	1	0	3	
83	M	27	8	3	1	2	
83	M	31	17	3	1	1	
83	M	35	7	1	0	2	
83	M	39	15	2	1	2	
83	M	43	9	2	1	2	
83	M	47	21	2	1	2	
83	M	51	12	2	1	3	
83	M	55	18	2	1	1	
83	M	59	20	3	1	2	
83	M	63	19	1	0	2	
83	M	67	24	2	1	2	
83	M	71	23	3	1	1	
83	M	75	13	1	1	2	
83	M	79	2	3	1	3	
83	M	83	4	1	1	2	
83	M	87	10	1	1	2	
83	M	91	5	3	1	1	
83	M	95	6	2	1	3	
83	M	99	14	3	1	1	
84	M	7	7	2	1	2	
84	M	11	22	2	1	1	
84	M	15	9	3	1	1	
84	M	19	17	1	1	2	
84	M	23	15	3	1	1	
84	M	27	10	2	1	3	
84	M	31	8	1	1	1	
84	M	35	5	1	1	1	
84	M	39	3	3	1	2	
84	M	43	23	1	1	2	
84	M	47	4	2	1	2	
84	M	51	14	1	1	1	
84	M	55	21	3	1	3	
84	M	59	20	1	1	2	
84	M	63	11	1	1	3	
84	M	67	6	3	1	2	
84	M	71	18	3	1	2	
84	M	75	2	1	1	1	
84	M	79	1	2	1	2	
84	M	83	12	3	1	1	
84	M	87	19	2	1	2	
84	M	91	13	2	1	2	
84	M	95	16	2	1	3	
84	M	99	24	3	1	2	
85	M	7	7	1	0	2	
85	M	11	22	1	0	2	
85	M	15	9	2	1	2	
85	M	19	17	3	1	3	
85	M	23	15	2	1	1	
85	M	27	10	1	1	2	
85	M	31	8	3	1	1	
85	M	35	5	3	1	1	
85	M	39	3	2	1	3	
85	M	43	23	3	1	2	
85	M	47	4	1	1	2	
85	M	51	14	3	1	1	
85	M	55	21	2	1	2	
85	M	59	20	3	1	2	
85	M	63	11	3	1	2	
85	M	67	6	2	1	2	
85	M	71	18	2	1	3	
85	M	75	2	3	1	2	
85	M	79	1	1	1	2	
85	M	83	12	2	1	1	
85	M	87	19	1	1	3	
85	M	91	13	1	1	1	
85	M	95	16	1	1	2	
85	M	99	24	2	1	3	
86	M	7	7	3	1	2	
86	M	11	22	3	1	2	
86	M	15	9	1	1	2	
86	M	19	17	2	1	2	
86	M	23	15	1	1	2	
86	M	27	10	3	1	2	
86	M	31	8	2	1	1	
86	M	35	5	2	1	3	
86	M	39	3	1	1	1	
86	M	43	23	2	1	1	
86	M	47	4	3	1	2	
86	M	51	14	2	1	3	
86	M	55	21	1	1	1	
86	M	59	20	2	1	2	
86	M	63	11	2	1	2	
86	M	67	6	1	1	2	
86	M	71	18	1	1	1	
86	M	75	2	2	1	2	
86	M	79	1	3	1	1	
86	M	83	12	1	1	3	
86	M	87	19	3	1	2	
86	M	91	13	3	1	2	
86	M	95	16	3	1	1	
86	M	99	24	1	1	2	
87	M	7	11	1	1	2	
87	M	11	6	3	1	2	
87	M	15	18	3	1	2	
87	M	19	23	1	1	1	
87	M	23	17	1	1	3	
87	M	27	19	2	1	2	
87	M	31	20	1	1	1	
87	M	35	2	1	1	1	
87	M	39	24	3	1	1	
87	M	43	22	2	1	1	
87	M	47	3	3	1	2	
87	M	51	21	3	1	2	
87	M	55	13	2	1	2	
87	M	59	5	1	1	1	
87	M	63	4	2	1	2	
87	M	67	16	2	1	2	
87	M	71	10	2	1	2	
87	M	75	15	3	1	2	
87	M	79	1	2	1	2	
87	M	83	9	3	1	2	
87	M	87	7	2	1	2	
87	M	91	8	1	1	3	
87	M	95	14	1	0	3	
87	M	99	12	3	0	3	
88	M	7	12	1	1	2	
88	M	11	14	2	1	1	
88	M	15	23	2	1	1	
88	M	19	24	1	1	2	
88	M	23	20	2	1	2	
88	M	27	6	1	1	3	
88	M	31	3	1	1	2	
88	M	35	16	3	1	2	
88	M	39	18	1	1	1	
88	M	43	7	3	1	1	
88	M	47	15	1	1	1	
88	M	51	11	2	1	3	
88	M	55	22	3	1	2	
88	M	59	4	3	1	3	
88	M	63	9	1	1	2	
88	M	67	2	2	1	1	
88	M	71	10	3	1	2	
88	M	75	5	2	1	1	
88	M	79	13	3	1	2	
88	M	83	17	2	1	3	
88	M	87	19	3	1	2	
88	M	91	8	2	1	1	
88	M	95	1	3	1	2	
88	M	99	21	1	1	1	
89	M	7	16	3	1	2	
89	M	11	3	1	1	3	
89	M	15	17	2	1	2	
89	M	19	21	1	1	3	
89	M	23	1	3	1	3	
89	M	27	8	2	1	3	
89	M	31	18	1	1	1	
89	M	35	6	1	1	2	
89	M	39	12	1	1	1	
89	M	43	15	1	1	3	
89	M	47	23	2	1	3	
89	M	51	10	3	1	2	
89	M	55	24	1	1	2	
89	M	59	13	3	1	3	
89	M	63	14	2	0	1	
89	M	67	5	2	1	2	
89	M	71	11	2	1	2	
89	M	75	19	3	1	2	
89	M	79	9	1	1	2	
89	M	83	22	3	1	3	
89	M	87	20	2	1	2	
89	M	91	2	2	1	2	
89	M	95	4	3	1	2	
89	M	99	7	3	1	2	
90	M	7	22	3	1	3	
90	M	11	16	3	1	3	
90	M	15	9	1	1	1	
90	M	19	4	3	1	1	
90	M	23	13	3	1	2	
90	M	27	10	3	1	1	
90	M	31	6	1	1	3	
90	M	35	20	2	1	3	
90	M	39	5	2	1	1	
90	M	43	8	2	1	1	
90	M	47	1	3	1	1	
90	M	51	21	1	1	3	
90	M	55	15	1	1	1	
90	M	59	17	2	1	3	
90	M	63	14	2	1	3	
90	M	67	7	3	1	2	
90	M	71	23	2	1	1	
90	M	75	11	2	1	3	
90	M	79	24	1	1	1	
90	M	83	2	2	1	2	
90	M	87	18	1	1	1	
90	M	91	12	1	0	2	
90	M	95	19	3	1	2	
90	M	99	3	1	1	1	
91	M	7	11	2	1	3	
91	M	11	6	1	1	2	
91	M	15	18	1	1	1	
91	M	19	23	2	1	1	
91	M	23	17	2	1	2	
91	M	27	19	3	1	1	
91	M	31	20	2	1	2	
91	M	35	2	2	1	2	
91	M	39	24	1	1	2	
91	M	43	22	3	1	2	
91	M	47	3	1	1	2	
91	M	51	21	1	1	1	
91	M	55	13	3	1	2	
91	M	59	5	2	1	1	
91	M	63	4	3	1	1	
91	M	67	16	3	1	1	
91	M	71	10	3	1	2	
91	M	75	15	1	1	1	
91	M	79	1	3	1	2	
91	M	83	9	1	1	3	
91	M	87	7	3	1	2	
91	M	91	8	2	1	1	
91	M	95	14	2	1	1	
91	M	99	12	1	1	3	
92	M	7	15	2	1	1	
92	M	11	17	3	1	3	
92	M	15	19	1	1	1	
92	M	19	1	1	1	2	
92	M	23	20	3	1	1	
92	M	27	16	1	1	3	
92	M	31	9	2	1	3	
92	M	35	6	2	1	3	
92	M	39	4	1	1	1	
92	M	43	21	2	1	3	
92	M	47	23	3	1	1	
92	M	51	11	3	1	1	
92	M	55	22	1	1	1	
92	M	59	5	3	1	1	
92	M	63	14	3	1	1	
92	M	67	12	2	1	3	
92	M	71	2	3	1	2	
92	M	75	8	3	1	1	
92	M	79	10	1	1	2	
92	M	83	7	1	0	2	
92	M	87	24	2	1	1	
92	M	91	13	1	1	3	
92	M	95	3	2	1	2	
92	M	99	18	2	1	1	
93	M	7	22	1	1	3	
93	M	11	16	1	1	2	
93	M	15	9	2	1	2	
93	M	19	4	1	1	2	
93	M	23	13	1	1	1	
93	M	27	10	1	1	2	
93	M	31	6	2	1	2	
93	M	35	20	3	1	2	
93	M	39	5	3	1	1	
93	M	43	8	3	1	2	
93	M	47	1	1	1	2	
93	M	51	21	2	1	2	
93	M	55	15	2	1	1	
93	M	59	17	3	1	2	
93	M	63	14	3	1	2	
93	M	67	7	1	1	2	
93	M	71	23	3	1	3	
93	M	75	11	3	1	2	
93	M	79	24	2	1	2	
93	M	83	2	3	1	1	
93	M	87	18	2	1	1	
93	M	91	12	2	1	2	
93	M	95	19	1	0	2	
93	M	99	3	2	1	2	
94	M	7	22	3	1	3	
94	M	11	16	3	1	2	
94	M	15	9	1	1	2	
94	M	19	4	3	1	2	
94	M	23	13	3	1	1	
94	M	27	10	3	1	2	
94	M	31	6	1	1	3	
94	M	35	20	2	1	2	
94	M	39	5	2	0	1	
94	M	43	8	2	1	3	
94	M	47	1	3	1	3	
94	M	51	21	1	1	3	
94	M	55	15	1	1	3	
94	M	59	17	2	1	2	
94	M	63	14	2	0	3	
94	M	67	7	3	1	2	
94	M	71	23	2	1	2	
94	M	75	11	2	1	2	
94	M	79	24	1	1	2	
94	M	83	2	2	1	2	
94	M	87	18	1	1	2	
94	M	91	12	1	1	2	
94	M	95	19	3	1	2	
94	M	99	3	1	1	2	
95	M	7	3	2	1	1	
95	M	11	4	1	1	2	
95	M	15	13	1	1	1	
95	M	19	23	3	1	2	
95	M	23	2	3	1	2	
95	M	27	14	3	1	2	
95	M	31	1	1	1	2	
95	M	35	12	2	1	2	
95	M	39	8	3	1	1	
95	M	43	20	3	1	2	
95	M	47	24	2	1	2	
95	M	51	5	3	1	2	
95	M	55	22	1	1	3	
95	M	59	9	2	1	2	
95	M	63	10	1	1	1	
95	M	67	11	3	1	2	
95	M	71	6	2	1	2	
95	M	75	17	3	1	2	
95	M	79	21	2	1	2	
95	M	83	15	2	1	2	
95	M	87	16	1	1	1	
95	M	91	19	1	1	1	
95	M	95	7	1	1	2	
95	M	99	18	2	1	1	
96	M	7	22	1	0	3	
96	M	11	16	1	1	1	
96	M	15	9	2	1	2	
96	M	19	4	1	0	2	
96	M	23	13	1	1	1	
96	M	27	10	1	0	3	
96	M	31	6	2	1	2	
96	M	35	20	3	1	1	
96	M	39	5	3	1	1	
96	M	43	8	3	1	1	
96	M	47	1	1	1	1	
96	M	51	21	2	0	3	
96	M	55	15	2	0	3	
96	M	59	17	3	1	1	
96	M	63	14	3	1	1	
96	M	67	7	1	1	1	
96	M	71	23	3	1	1	
96	M	75	11	3	1	2	
96	M	79	24	2	0	3	
96	M	83	2	3	1	2	
96	M	87	18	2	0	3	
96	M	91	12	2	0	3	
96	M	95	19	1	0	2	
96	M	99	3	2	0	3	
97	M	7	16	2	1	3	
97	M	11	3	3	1	2	
97	M	15	17	1	1	2	
97	M	19	21	3	1	1	
97	M	23	1	2	1	2	
97	M	27	8	1	1	2	
97	M	31	18	3	1	1	
97	M	35	6	3	1	3	
97	M	39	12	3	1	2	
97	M	43	15	3	1	2	
97	M	47	23	1	1	1	
97	M	51	10	2	1	1	
97	M	55	24	3	1	2	
97	M	59	13	2	1	3	
97	M	63	14	1	1	3	
97	M	67	5	1	1	1	
97	M	71	11	1	1	3	
97	M	75	19	2	1	1	
97	M	79	9	3	1	2	
97	M	83	22	2	1	2	
97	M	87	20	1	1	2	
97	M	91	2	1	1	1	
97	M	95	4	2	1	3	
97	M	99	7	2	1	2	
98	M	7	22	2	0	1	
98	M	11	16	2	1	2	
98	M	15	9	3	1	2	
98	M	19	4	2	0	2	
98	M	23	13	2	0	1	
98	M	27	10	2	1	2	
98	M	31	6	3	1	2	
98	M	35	20	1	1	2	
98	M	39	5	1	1	1	
98	M	43	8	1	1	1	
98	M	47	1	2	1	2	
98	M	51	21	3	1	3	
98	M	55	15	3	1	2	
98	M	59	17	1	1	2	
98	M	63	14	1	1	1	
98	M	67	7	2	1	2	
98	M	71	23	1	1	2	
98	M	75	11	1	1	3	
98	M	79	24	3	1	1	
98	M	83	2	1	1	1	
98	M	87	18	3	1	1	
98	M	91	12	3	1	1	
98	M	95	19	2	1	2	
98	M	99	3	3	1	1	
99	M	7	7	2	1	2	
99	M	11	22	2	1	2	
99	M	15	9	3	1	2	
99	M	19	17	1	0	2	
99	M	23	15	3	1	2	
99	M	27	10	2	1	2	
99	M	31	8	1	1	1	
99	M	35	5	1	1	1	
99	M	39	3	3	1	2	
99	M	43	23	1	1	2	
99	M	47	4	2	1	2	
99	M	51	14	1	1	3	
99	M	55	21	3	1	3	
99	M	59	20	1	1	1	
99	M	63	11	1	1	2	
99	M	67	6	3	1	2	
99	M	71	18	3	1	1	
99	M	75	2	1	1	2	
99	M	79	1	2	1	1	
99	M	83	12	3	1	2	
99	M	87	19	2	1	2	
99	M	91	13	2	1	2	
99	M	95	16	2	1	1	
99	M	99	24	3	1	3	
100	M	7	14	2	1	1	
100	M	11	20	2	1	1	
100	M	15	17	2	1	2	
100	M	19	24	1	1	1	
100	M	23	4	3	1	1	
100	M	27	19	3	1	1	
100	M	31	7	3	1	2	
100	M	35	3	1	1	2	
100	M	39	1	3	1	1	
100	M	43	15	1	1	1	
100	M	47	2	2	1	2	
100	M	51	10	3	1	2	
100	M	55	18	1	1	1	
100	M	59	21	1	1	1	
100	M	63	23	2	0	1	
100	M	67	11	2	1	2	
100	M	71	22	3	1	3	
100	M	75	12	1	0	2	
100	M	79	8	2	1	1	
100	M	83	9	1	1	3	
100	M	87	13	3	1	1	
100	M	91	16	3	1	2	
100	M	95	6	1	1	2	
100	M	99	5	2	1	1	
101	M	7	3	1	1	2	
101	M	11	4	3	1	1	
101	M	15	13	3	1	1	
101	M	19	23	2	1	2	
101	M	23	2	2	1	3	
101	M	27	14	2	1	1	
101	M	31	1	3	1	2	
101	M	35	12	1	1	3	
101	M	39	8	2	1	1	
101	M	43	20	2	1	2	
101	M	47	24	1	1	2	
101	M	51	5	2	1	1	
101	M	55	22	3	1	2	
101	M	59	9	1	0	2	
101	M	63	10	3	1	2	
101	M	67	11	2	1	2	
101	M	71	6	1	1	2	
101	M	75	17	2	1	2	
101	M	79	21	1	1	1	
101	M	83	15	1	1	3	
101	M	87	16	3	1	2	
101	M	91	19	3	1	2	
101	M	95	7	3	1	2	
101	M	99	18	1	1	1	
102	M	7	11	3	1	1	
102	M	11	6	2	1	2	
102	M	15	18	2	1	1	
102	M	19	23	3	1	2	
102	M	23	17	3	1	2	
102	M	27	19	1	1	1	
102	M	31	20	3	1	1	
102	M	35	2	3	1	3	
102	M	39	24	2	1	3	
102	M	43	22	1	1	1	
102	M	47	3	2	1	2	
102	M	51	21	2	1	2	
102	M	55	13	1	1	2	
102	M	59	5	3	1	1	
102	M	63	4	1	1	3	
102	M	67	16	1	1	3	
102	M	71	10	1	1	2	
102	M	75	15	2	1	2	
102	M	79	1	1	1	2	
102	M	83	9	2	1	2	
102	M	87	7	1	1	2	
102	M	91	8	3	1	2	
102	M	95	14	3	1	1	
102	M	99	12	2	1	2	
103	M	7	3	1	1	2	
103	M	11	4	3	1	1	
103	M	15	13	3	1	1	
103	M	19	23	2	1	2	
103	M	23	2	2	1	2	
103	M	27	14	2	1	1	
103	M	31	1	3	1	2	
103	M	35	12	1	1	1	
103	M	39	8	2	1	3	
103	M	43	20	2	1	2	
103	M	47	24	1	1	1	
103	M	51	5	2	1	2	
103	M	55	22	3	1	3	
103	M	59	9	1	1	2	
103	M	63	10	3	1	2	
103	M	67	11	2	1	3	
103	M	71	6	1	1	3	
103	M	75	17	2	1	2	
103	M	79	21	1	1	3	
103	M	83	15	1	1	3	
103	M	87	16	3	1	2	
103	M	91	19	3	1	2	
103	M	95	7	3	1	2	
103	M	99	18	1	1	3	
104	M	7	3	3	1	2	
104	M	11	4	2	1	3	
104	M	15	13	2	1	2	
104	M	19	23	1	1	2	
104	M	23	2	1	1	2	
104	M	27	14	1	1	1	
104	M	31	1	2	1	2	
104	M	35	12	3	1	2	
104	M	39	8	1	1	3	
104	M	43	20	1	1	3	
104	M	47	24	3	1	2	
104	M	51	5	1	1	1	
104	M	55	22	2	1	2	
104	M	59	9	3	1	2	
104	M	63	10	2	1	2	
104	M	67	11	1	1	3	
104	M	71	6	3	1	2	
104	M	75	17	1	1	3	
104	M	79	21	3	1	2	
104	M	83	15	3	1	3	
104	M	87	16	2	1	2	
104	M	91	19	2	1	2	
104	M	95	7	2	1	2	
104	M	99	18	3	1	1	
105	M	7	3	2	1	1	
105	M	11	4	1	1	3	
105	M	15	13	1	1	1	
105	M	19	23	3	1	1	
105	M	23	2	3	1	2	
105	M	27	14	3	1	1	
105	M	31	1	1	1	1	
105	M	35	12	2	1	2	
105	M	39	8	3	1	1	
105	M	43	20	3	1	1	
105	M	47	24	2	1	2	
105	M	51	5	3	1	2	
105	M	55	22	1	1	2	
105	M	59	9	2	1	2	
105	M	63	10	1	0	2	
105	M	67	11	3	1	2	
105	M	71	6	2	1	2	
105	M	75	17	3	1	2	
105	M	79	21	2	1	2	
105	M	83	15	2	1	2	
105	M	87	16	1	0	2	
105	M	91	19	1	1	2	
105	M	95	7	1	1	3	
105	M	99	18	2	1	1	
106	M	7	15	1	1	1	
106	M	11	17	2	1	1	
106	M	15	19	3	1	1	
106	M	19	1	3	1	1	
106	M	23	20	2	1	1	
106	M	27	16	3	1	2	
106	M	31	9	1	1	2	
106	M	35	6	1	1	1	
106	M	39	4	3	1	3	
106	M	43	21	1	1	1	
106	M	47	23	2	1	1	
106	M	51	11	2	1	3	
106	M	55	22	3	1	3	
106	M	59	5	2	0	1	
106	M	63	14	2	0	1	
106	M	67	12	1	1	2	
106	M	71	2	2	1	3	
106	M	75	8	2	1	1	
106	M	79	10	3	1	2	
106	M	83	7	3	1	3	
106	M	87	24	1	1	2	
106	M	91	13	3	1	2	
106	M	95	3	1	1	1	
106	M	99	18	1	1	1	
107	M	7	12	3	1	1	
107	M	11	14	1	1	2	
107	M	15	23	1	0	2	
107	M	19	24	3	1	3	
107	M	23	20	1	0	2	
107	M	27	6	3	1	3	
107	M	31	3	3	1	2	
107	M	35	16	2	1	3	
107	M	39	18	3	1	1	
107	M	43	7	2	1	2	
107	M	47	15	3	1	2	
107	M	51	11	1	0	2	
107	M	55	22	2	1	2	
107	M	59	4	2	1	2	
107	M	63	9	3	1	3	
107	M	67	2	1	1	2	
107	M	71	10	2	1	1	
107	M	75	5	1	0	3	
107	M	79	13	2	1	2	
107	M	83	17	1	1	3	
107	M	87	19	2	1	2	
107	M	91	8	1	1	3	
107	M	95	1	2	1	3	
107	M	99	21	3	1	2	
108	M	7	3	3	1	1	
108	M	11	4	2	1	2	
108	M	15	13	2	1	2	
108	M	19	23	1	1	1	
108	M	23	2	1	1	2	
108	M	27	14	1	1	1	
108	M	31	1	2	1	1	
108	M	35	12	3	1	2	
108	M	39	8	1	1	1	
108	M	43	20	1	1	1	
108	M	47	24	3	1	2	
108	M	51	5	1	1	1	
108	M	55	22	2	1	2	
108	M	59	9	3	1	2	
108	M	63	10	2	1	2	
108	M	67	11	1	1	1	
108	M	71	6	3	1	3	
108	M	75	17	1	1	2	
108	M	79	21	3	1	2	
108	M	83	15	3	1	2	
108	M	87	16	2	0	1	
108	M	91	19	2	1	2	
108	M	95	7	2	1	2	
108	M	99	18	3	1	1	
