Subject_ID	item	trial_numb	cond	prime_resp	Vcond	Ptype	target_resp	Ttype	T_onset	P_onset	P_offset	trialT		
10	1	75	02	DO	1	2	ZZ	3	3300	2920	6980	13200		
10	2	31	03	PO	2	1	DO	2	4070	7140	12520	23730		
10	3	59	04	DO	2	2	DO	2	3520	4170	5650	13340		
10	4	11	01	PO	1	1	PO	1	3740	2800	5440	11980		
10	5	55	02	ZZ	1	3	ZZ	3	4400	9390	10210	24000		
10	6	43	03	ZZ	2	3	DO	2	3570	3960	7910	15440		
10	7	87	04	DO	2	2	ZZ	3	3130	7690	9670	20490		
10	8	123	01	ZZ	1	3	PO	1	2470	2690	5330	10490		
10	9	7	02	ZZ	1	3	ZZ	3	2750	2910	5270	10930		
10	10	99	03	PO	2	1	PO	1	3470	3350	7520	14340		
10	11	39	04	DO	2	2	DO	2	2700	3840	5650	12190		
10	12	63	01	PO	1	1	ZZ	3	3460	2470	4890	10820		
10	13	35	02	DO	1	2	PO	1	2690	3680	8080	14450		
10	14	107	03	PO	2	1	DO	2	1640	2310	5610	9560		
10	15	47	04	PO	2	1	ZZ	3	2580	3250	4620	10450		
10	16	19	01	ZZ	1	3	ZZ	3	3070	4670	7030	14770		
10	17	103	02	DO	1	2	DO	2	1480	32730	34330	68540		
10	18	95	03	ZZ	2	3	ZZ	3	4010	3190	6100	13300		
10	19	83	04	DO	2	2	PO	1	3510	3190	4840	11540		
10	20	67	01	PO	1	1	ZZ	3	3950	4440	7740	16130		
10	21	27	02	DO	1	2	DO	2	5330	3570	5110	14010		
10	22	119	03	PO	2	1	DO	2	2910	2530	7140	12580		
10	23	51	04	DO	2	2	DO	2	2360	2410	4010	8780		
10	24	15	01	PO	1	1	PO	1	6260	2590	5220	14070		
10	25	71	02	DO	1	2	DO	2	2750	2690	5600	11040		
10	26	3	03	ZZ	2	3	DO	2	5050	3350	4780	13180		
10	27	79	04	DO	2	2	DO	2	2360	3680	5770	11810		
10	28	127	01	PO	1	1	DO	2	3020	4120	5710	12850		
10	29	115	02	DO	1	2	DO	2	2690	3070	4280	10040		
10	30	23	03	PO	2	1	PO	1	4610	1920	2580	9110		
10	31	111	04	DO	2	2	DO	2	2800	2360	3680	8840		
10	32	91	01	PO	1	1	PO	1	2420	2920	7030	12370		
11	1	63	03	PO	2	1	DO	2	1860	2410	11810	16080		
11	2	3	04	ZZ	2	3	DO	2	2410	3240	4400	10050		
11	3	75	01	PO	1	1	DO	2	880	2090	2740	5710		
11	4	123	02	DO	1	2	DO	2	7580	4290	10550	22420		
11	5	79	03	ZZ	2	3	DO	2	3240	3190	5000	11430		
11	6	83	04	DO	2	2	ZZ	3	2640	3570	5000	11210		
11	7	55	01	ZZ	1	3	PO	1	4670	4450	11420	20540		
11	8	47	02	DO	1	2	DO	2	3130	7910	22900	33940		
11	9	95	03	DO	2	2	DO	2	1540	4120	8900	14560		
11	10	11	04	ZZ	2	3	DO	2	4060	4390	6260	14710		
11	11	35	01	PO	1	1	ZZ	3	19170	15210	19330	53710		
11	12	99	02	DO	1	2	ZZ	3	2030	5710	8080	15820		
11	13	23	03	PO	2	1	PO	1	8570	3140	9450	21160		
11	14	7	04	DO	2	2	ZZ	3	2140	3570	6050	11760		
11	15	59	01	PO	1	1	PO	1	2200	2750	6920	11870		
11	16	103	02	DO	1	2	ZZ	3	3620	2530	4070	10220		
11	17	111	03	PO	2	1	DO	2	2970	3130	6260	12360		
11	18	19	04	DO	2	2	DO	2	10710	1600	3740	16050		
11	19	15	01	PO	1	1	DO	2	1980	2370	7530	11880		
11	20	87	02	DO	1	2	DO	2	1920	2520	19170	23610		
11	21	71	03	PO	2	1	DO	2	5000	4120	12310	21430		
11	22	27	04	DO	2	2	ZZ	3	2200	4720	9060	15980		
11	23	39	01	PO	1	1	PO	1	18620	13620	23670	55910		
11	24	91	02	DO	1	2	ZZ	3	1430	2250	3900	7580		
11	25	51	03	PO	2	1	DO	2	1700	2030	3570	7300		
11	26	43	04	DO	2	2	DO	2	2800	1710	3960	8470		
11	27	115	01	PO	1	1	ZZ	3	2800	1920	2690	7410		
11	28	107	02	DO	1	2	DO	2	2420	5110	6920	14450		
11	29	127	03	PO	2	1	DO	2	2080	3620	9230	14930		
11	30	119	04	DO	2	2	DO	2	2360	3020	6540	11920		
11	31	31	01	PO	1	1	DO	2	23560	12300	16420	52280		
11	32	67	02	DO	1	2	PO	1	17130	4670	13520	35320		
22	1	79	02	PO	1	1	ZZ	3	1870	3400	14060	19330		
22	2	31	03	DO	2	2	PO	1	2090	5490	8840	16420		
22	3	19	04	PO	2	1	ZZ	3	2360	7040	10060	19460		
22	4	23	01	DO	1	2	ZZ	3	2250	2860	7530	12640		
22	5	119	02	ZZ	1	3	ZZ	3	4280	4560	12750	21590		
22	6	11	03	DO	2	2	PO	1	2200	4120	10490	16810		
22	7	27	04	PO	2	1	PO	1	3570	4450	13730	21750		
22	8	115	01	DO	1	2	DO	2	4390	3630	9950	17970		
22	9	123	02	PO	1	1	ZZ	3	3350	4340	7140	14830		
22	10	51	03	ZZ	2	3	ZZ	3	2360	4660	12240	19260		
22	11	39	04	PO	2	1	ZZ	3	4950	2040	12250	19240		
22	12	59	01	DO	1	2	ZZ	3	3290	1980	12250	17520		
22	13	35	02	ZZ	1	3	PO	1	2360	2310	22850	27520		
22	14	63	03	DO	2	2	ZZ	3	2960	4670	8020	15650		
22	15	3	04	ZZ	2	3	ZZ	3	4340	6150	9390	19880		
22	16	87	01	DO	1	2	DO	2	2260	2590	6920	11770		
22	17	55	02	PO	1	1	ZZ	3	4060	2410	12740	19210		
22	18	47	03	DO	2	2	DO	2	5380	5710	15490	26580		
22	19	95	04	ZZ	2	3	ZZ	3	1650	2690	6430	10770		
22	20	99	01	DO	1	2	ZZ	3	1760	3190	6980	11930		
22	21	75	02	DO	1	2	ZZ	3	2520	2690	17470	22680		
22	22	103	03	DO	2	2	ZZ	3	2470	3410	12520	18400		
22	23	7	04	PO	2	1	PO	1	3680	2640	6210	12530		
22	24	43	01	DO	1	2	ZZ	3	3510	2860	30760	37130		
22	25	67	02	PO	1	1	ZZ	3	4770	5220	9230	19220		
22	26	107	03	DO	2	2	ZZ	3	1540	3300	8130	12970		
22	27	15	04	PO	2	1	ZZ	3	2800	5170	11320	19290		
22	28	91	01	DO	1	2	DO	2	2030	5710	11530	19270		
22	29	71	02	PO	1	1	PO	1	2800	2040	7040	11880		
22	30	111	03	DO	2	2	PO	1	5930	5210	11090	22230		
22	31	127	04	ZZ	2	3	ZZ	3	0	1750	4220	5970		
22	32	83	01	DO	1	2	PO	1	1920	2580	8020	12520		
23	1	75	03	PO	2	1	ZZ	3	3790	3410	6870	14070		
23	2	47	04	DO	2	2	DO	2	6370	8680	12360	27410		
23	3	7	01	PO	1	1	DO	2	9890	7960	38940	56790		
23	4	19	02	DO	1	2	ZZ	3	4880	4670	15660	25210		
23	5	115	03	PO	2	1	ZZ	3	4510	2360	4720	11590		
23	6	63	04	DO	2	2	ZZ	3	18620	3020	5050	26690		
23	7	31	01	ZZ	1	3	ZZ	3	17580	14770	19220	51570		
23	8	83	02	DO	1	2	DO	2	9610	4010	10540	24160		
23	9	23	03	PO	2	1	ZZ	3	3130	10820	16580	30530		
23	10	67	04	DO	2	2	DO	2	1980	5110	13020	20110		
23	11	35	01	ZZ	1	3	ZZ	3	3840	4010	7360	15210		
23	12	51	02	ZZ	1	3	ZZ	3	1860	4610	10330	16800		
23	13	119	03	PO	2	1	PO	1	2960	10220	13680	26860		
23	14	91	04	DO	2	2	ZZ	3	3190	4010	18400	25600		
23	15	55	01	PO	1	1	ZZ	3	4180	5000	9550	18730		
23	16	123	02	DO	1	2	ZZ	3	3070	12960	15270	31300		
23	17	107	03	PO	2	1	DO	2	2580	3460	5880	11920		
23	18	43	04	DO	2	2	DO	2	2420	4510	23780	30710		
23	19	103	01	PO	1	1	DO	2	5600	3030	6430	15060		
23	20	15	02	DO	1	2	ZZ	3	3950	27020	33940	64910		
23	21	95	03	PO	2	1	PO	1	2310	8290	9990	20590		
23	22	79	04	DO	2	2	ZZ	3	2310	15650	22790	40750		
23	23	99	01	PO	1	1	DO	2	3460	2040	10770	16270		
23	24	59	02	DO	1	2	ZZ	3	3520	3130	6540	13190		
23	25	39	03	ZZ	2	3	ZZ	3	6920	1870	5600	14390		
23	26	127	04	DO	2	2	DO	2	1920	8630	11870	22420		
23	27	27	01	ZZ	1	3	ZZ	3	2910	5330	22460	30700		
23	28	87	02	DO	1	2	DO	2	2640	9670	14060	26370		
23	29	11	03	PO	2	1	PO	1	4610	19600	23230	47440		
23	30	71	04	DO	2	2	PO	1	4010	2860	5600	12470		
23	31	3	01	PO	1	1	DO	2	8790	11040	15160	34990		
23	32	111	02	PO	1	1	ZZ	3	2310	5270	12300	19880		
25	1	115	01	PO	1	1	ZZ	3	1533	5218	7841	14592		
25	2	3	02	DO	1	2	DO	2	5057	4126	5468	14651		
25	3	99	03	PO	2	1	DO	2	1823	6098	15071	22992		
25	4	91	04	DO	2	2	PO	1	6389	9384	10055	25828		
25	5	103	01	PO	1	1	DO	2	2824	3585	5888	12297		
25	6	19	02	DO	1	2	DO	2	2524	2964	3625	9113		
25	7	27	03	PO	2	1	ZZ	3	3515	1923	3305	8743		
25	8	55	04	DO	2	2	PO	1	4507	6839	8942	20288		
25	9	51	01	PO	1	1	ZZ	3	2093	4877	7141	14111		
25	10	87	02	DO	1	2	PO	1	4176	2023	3855	10054		
25	11	83	03	PO	2	1	PO	1	2573	2644	3425	8642		
25	12	63	04	DO	2	2	ZZ	3	2954	3555	4036	10545		
25	13	123	01	PO	1	1	PO	1	2213	3565	5948	11726		
25	14	111	02	DO	1	2	DO	2	1943	5838	7070	14851		
25	15	47	03	PO	2	1	ZZ	3	3996	10616	12879	27491		
25	16	31	04	DO	2	2	PO	1	2363	4516	5428	12307		
25	17	67	01	PO	1	1	PO	1	1772	10135	12909	24816		
25	18	43	02	DO	1	2	DO	2	2213	2984	5528	10725		
25	19	23	03	PO	2	1	PO	1	2093	2153	2714	6960		
25	20	39	04	ZZ	2	3	DO	2	3565	6680	14131	24376		
25	21	107	01	PO	1	1	PO	1	3055	5638	11026	19719		
25	22	59	02	DO	1	2	ZZ	3	3164	3896	5218	12278		
25	23	15	03	PO	2	1	PO	1	3405	3525	8031	14961		
25	24	11	04	DO	2	2	PO	1	5588	3755	4717	14060		
25	25	7	01	PO	1	1	DO	2	3415	1642	2433	7490		
25	26	35	02	DO	1	2	PO	1	1673	3054	4105	8832		
25	27	75	03	PO	2	1	PO	1	2623	6800	9324	18747		
25	28	95	04	ZZ	2	3	PO	1	4436	2744	3575	10755		
25	29	127	01	PO	1	1	PO	1	2113	4126	4817	11056		
25	30	119	02	DO	1	2	PO	1	5197	8583	10105	23885		
25	31	79	03	PO	2	1	PO	1	3776	4827	6399	15002		
25	32	71	04	ZZ	2	3	DO	2	2263	7281	9454	18998		
33	1	23	01	PO	1	1	DO	2	2984	4386	9283	16653		
33	2	103	02	DO	1	2	ZZ	3	2053	4206	10024	16283		
33	3	127	03	PO	2	1	DO	2	6129	2323	7250	15702		
33	4	31	04	DO	2	2	DO	2	4967	3455	19107	27529		
33	5	7	01	ZZ	1	3	ZZ	3	3104	2424	9364	14892		
33	6	95	02	DO	1	2	ZZ	3	5127	2974	3786	11887		
33	7	39	03	ZZ	2	3	ZZ	3	2344	3204	7310	12858		
33	8	111	04	DO	2	2	ZZ	3	2303	3024	15292	20619		
33	9	43	01	PO	1	1	DO	2	3195	2964	11776	17935		
33	10	19	02	PO	1	1	DO	2	6469	4136	8212	18817		
33	11	79	03	PO	2	1	ZZ	3	17275	1762	10625	29662		
33	12	107	04	DO	2	2	ZZ	3	1792	11827	18237	31856		
33	13	59	01	ZZ	1	3	ZZ	3	4216	2353	13138	19707		
33	14	99	02	DO	1	2	ZZ	3	3535	3535	7220	14290		
33	15	63	03	PO	2	1	ZZ	3	2703	5738	15012	23453		
33	16	55	04	DO	2	2	ZZ	3	2243	3315	10866	16424		
33	17	71	01	PO	1	1	DO	2	2624	1783	5398	9805		
33	18	87	02	DO	1	2	ZZ	3	3615	2614	4376	10605		
33	19	91	03	ZZ	2	3	ZZ	3	65254	1792	4666	71712		
33	20	15	04	DO	2	2	ZZ	3	3285	8322	16493	28100		
33	21	11	01	ZZ	1	3	ZZ	3	2344	2344	6109	10797		
33	22	115	02	DO	1	2	ZZ	3	3315	3235	18396	24946		
33	23	47	03	ZZ	2	3	ZZ	3	2473	17325	20370	40168		
33	24	123	04	DO	2	2	ZZ	3	3515	4636	5868	14019		
33	25	67	01	ZZ	1	3	ZZ	3	2363	5368	8993	16724		
33	26	83	02	DO	1	2	DO	2	2513	5007	20790	28310		
33	27	51	03	PO	2	1	ZZ	3	1512	2093	8202	11807		
33	28	119	04	ZZ	2	3	DO	2	3445	4596	9043	17084		
33	29	75	01	ZZ	1	3	DO	2	2654	2413	18066	23133		
33	30	35	02	DO	1	2	ZZ	3	20109	6980	21541	48630		
33	31	27	03	ZZ	2	3	ZZ	3	2153	2694	19128	23975		
33	32	3	04	ZZ	2	3	ZZ	3	3746	6139	9423	19308		
39	1	59	03	ZZ	2	3	PO	1	4450	7420	10880	22750		
39	2	71	04	DO	2	2	PO	1	2860	4950	6870	14680		
39	3	51	01	PO	1	1	PO	1	2860	3290	6200	12350		
39	4	83	02	DO	1	2	PO	1	5160	4230	13400	22790		
39	5	127	03	PO	2	1	ZZ	3	3020	7970	11100	22090		
39	6	23	04	PO	2	1	PO	1	2690	5390	7800	15880		
39	7	31	01	ZZ	1	3	ZZ	3	2580	4720	6540	13840		
39	8	7	02	ZZ	1	3	PO	1	10160	13240	15270	38670		
39	9	87	03	PO	2	1	PO	1	4500	4110	8180	16790		
39	10	3	04	DO	2	2	PO	1	5600	3020	4890	13510		
39	11	111	01	PO	1	1	PO	1	1920	2310	5170	9400		
39	12	35	02	ZZ	1	3	ZZ	3	1590	6590	7580	15760		
39	13	19	03	PO	2	1	DO	2	11260	10820	13890	35970		
39	14	63	04	DO	2	2	PO	1	3070	6040	7310	16420		
39	15	39	01	PO	1	1	ZZ	3	2200	4180	5820	12200		
39	16	15	02	DO	1	2	PO	1	3840	3730	6260	13830		
39	17	11	03	PO	2	1	PO	1	5490	5820	8350	19660		
39	18	27	04	DO	2	2	DO	2	22350	2190	8620	33160		
39	19	91	01	PO	1	1	ZZ	3	2030	2140	4010	8180		
39	20	79	02	DO	1	2	PO	1	2700	13790	18180	34670		
39	21	123	03	PO	2	1	PO	1	7960	1760	2920	12640		
39	22	43	04	DO	2	2	PO	1	3400	17580	21480	42460		
39	23	107	01	PO	1	1	PO	1	2080	2910	3740	8730		
39	24	95	02	ZZ	1	3	PO	1	3290	2090	3740	9120		
39	25	115	03	PO	2	1	PO	1	3840	12800	13680	30320		
39	26	119	04	DO	2	2	DO	2	1860	3080	5060	10000		
39	27	67	01	PO	1	1	ZZ	3	1760	5430	16800	23990		
39	28	99	02	DO	1	2	PO	1	2360	6420	8950	17730		
39	29	55	03	PO	2	1	PO	1	3900	1920	3020	8840		
39	30	47	04	DO	2	2	PO	1	7960	3240	4560	15760		
39	31	103	01	PO	1	1	PO	1	10320	3900	5600	19820		
39	32	75	02	ZZ	1	3	ZZ	3	2420	5930	6970	15320		
44	1	75	04	DO	2	2	ZZ	3	9780	4010	4560	18350		
44	2	15	01	ZZ	1	3	DO	2	4620	3350	5050	13020		
44	3	123	02	DO	1	2	ZZ	3	1820	3030	4560	9410		
44	4	127	03	PO	2	1	ZZ	3	4660	3790	5440	13890		
44	5	87	04	DO	2	2	ZZ	3	4180	6310	18120	28610		
44	6	19	01	PO	1	1	ZZ	3	4840	4620	6100	15560		
44	7	31	02	DO	1	2	ZZ	3	2850	7910	8850	19610		
44	8	119	03	PO	2	1	PO	1	3350	3020	5710	12080		
44	9	67	04	DO	2	2	ZZ	3	24940	4230	9010	38180		
44	10	79	01	ZZ	1	3	PO	1	6920	2580	6150	15650		
44	11	83	02	DO	1	2	DO	2	1540	14120	19280	34940		
44	12	63	03	ZZ	2	3	PO	1	3840	3620	7250	14710		
44	13	103	04	DO	2	2	PO	1	6100	5990	7200	19290		
44	14	99	01	PO	1	1	ZZ	3	2530	2090	5770	10390		
44	15	107	02	DO	1	2	ZZ	3	12580	3350	11530	27460		
44	16	91	03	PO	2	1	ZZ	3	3130	5490	7640	16260		
44	17	115	04	DO	2	2	DO	2	5270	3020	6370	14660		
44	18	55	01	PO	1	1	PO	1	5660	3510	4060	13230		
44	19	27	02	ZZ	1	3	ZZ	3	2970	4670	5380	13020		
44	20	23	03	PO	2	1	ZZ	3	3570	2200	5770	11540		
44	21	47	04	DO	2	2	DO	2	9550	4610	5990	20150		
44	22	39	01	PO	1	1	ZZ	3	5270	5050	8350	18670		
44	23	95	02	ZZ	1	3	PO	1	2740	4070	5880	12690		
44	24	11	03	ZZ	2	3	ZZ	3	2030	3790	6040	11860		
44	25	3	04	DO	2	2	ZZ	3	4720	5720	8410	18850		
44	26	43	01	ZZ	1	3	DO	2	2740	3240	10990	16970		
44	27	71	02	DO	1	2	ZZ	3	2800	4560	6320	13680		
44	28	59	03	PO	2	1	DO	2	1810	6160	7750	15720		
44	29	51	04	DO	2	2	PO	1	7530	3840	12300	23670		
44	30	35	01	ZZ	1	3	DO	2	8190	2860	6590	17640		
44	31	7	02	DO	1	2	ZZ	3	2850	9170	10550	22570		
44	32	111	03	PO	2	1	ZZ	3	2470	4450	7860	14780		
46	1	107	02	DO	1	2	ZZ	3	1870	4120	6540	12530		
46	2	27	03	PO	2	1	DO	2	3570	8290	58830	70690		
46	3	111	04	DO	2	2	DO	2	5000	3790	5880	14670		
46	4	103	01	PO	1	1	ZZ	3	4890	2860	4780	12530		
46	5	67	02	DO	1	2	ZZ	3	10550	7190	14550	32290		
46	6	79	03	ZZ	2	3	DO	2	2150	2420	5710	10280		
46	7	87	04	DO	2	2	ZZ	3	6480	5160	7250	18890		
46	8	123	01	PO	1	1	DO	2	14390	5980	11090	31460		
46	9	99	02	DO	1	2	ZZ	3	2310	4230	6480	13020		
46	10	59	03	PO	2	1	ZZ	3	6530	4400	10110	21040		
46	11	11	04	DO	2	2	ZZ	3	19170	3350	24000	46520		
46	12	7	01	PO	1	1	ZZ	3	6650	5770	8020	20440		
46	13	51	02	DO	1	2	ZZ	3	2630	2420	5390	10440		
46	14	119	03	PO	2	1	ZZ	3	15430	3240	5880	24550		
46	15	75	04	DO	2	2	ZZ	3	3900	9720	25980	39600		
46	16	23	01	PO	1	1	ZZ	3	2860	4890	6700	14450		
46	17	39	02	DO	1	2	DO	2	12300	7410	9990	29700		
46	18	3	03	ZZ	2	3	PO	1	4400	6540	17080	28020		
46	19	83	04	DO	2	2	PO	1	1480	3460	5060	10000		
46	20	115	01	PO	1	1	PO	1	5540	3300	11650	20490		
46	21	63	02	DO	1	2	ZZ	3	10820	6420	9830	27070		
46	22	43	03	PO	2	1	DO	2	15050	4390	7360	26800		
46	23	55	04	DO	2	2	ZZ	3	6430	5110	11640	23180		
46	24	95	01	ZZ	1	3	DO	2	9390	8680	13570	31640		
46	25	31	02	DO	1	2	DO	2	8960	5980	9440	24380		
46	26	91	03	PO	2	1	ZZ	3	4120	7030	10220	21370		
46	27	127	04	DO	2	2	ZZ	3	10980	6040	9940	26960		
46	28	35	01	ZZ	1	3	DO	2	20380	2850	4720	27950		
46	29	71	02	DO	1	2	ZZ	3	5050	5270	12960	23280		
46	30	47	03	ZZ	2	3	DO	2	2690	7580	14060	24330		
46	31	15	04	DO	2	2	PO	1	8620	5540	24990	39150		
46	32	19	01	ZZ	1	3	ZZ	3	5880	4880	11750	22510		
56	1	59	04	ZZ	2	3	ZZ	3	6441	14806	19862	41109		
56	2	75	01	DO	1	2	DO	2	3708	6915	8835	19458		
56	3	7	02	PO	1	1	ZZ	3	4091	6513	9750	20354		
56	4	15	03	DO	2	2	DO	2	4658	3789	14588	23035		
56	5	115	04	PO	2	1	PO	1	19568	8846	16034	44448		
56	6	31	01	DO	1	2	ZZ	3	4785	4892	12242	21919		
56	7	47	02	PO	1	1	ZZ	3	4128	8831	10401	23360		
56	8	127	03	DO	2	2	ZZ	3	3089	42622	50902	96613		
56	9	103	04	PO	2	1	ZZ	3	2298	28246	29086	59630		
56	10	27	01	DO	1	2	ZZ	3	5101	2999	15967	24067		
56	11	91	02	DO	1	2	ZZ	3	1921	4459	11406	17786		
56	12	23	03	ZZ	2	3	ZZ	3	2540	6053	7312	15905		
56	13	111	04	PO	2	1	PO	1	4288	6818	20187	31293		
56	14	51	01	DO	1	2	PO	1	3349	4451	6840	14640		
56	15	119	02	ZZ	1	3	ZZ	3	4441	10589	12277	27307		
56	16	3	03	DO	2	2	ZZ	3	5219	6406	8786	20411		
56	17	79	04	PO	2	1	PO	1	8488	5918	8037	22443		
56	18	83	01	DO	1	2	PO	1	6202	16397	17524	40123		
56	19	123	02	PO	1	1	ZZ	3	2810	5259	8095	16164		
56	20	67	03	DO	2	2	ZZ	3	4211	4338	6348	14897		
56	21	87	04	ZZ	2	3	ZZ	3	4740	30047	33904	68691		
56	22	43	01	DO	1	2	ZZ	3	8836	2505	9477	20818		
56	23	71	02	DO	1	2	PO	1	4588	2919	7025	14532		
56	24	11	03	DO	2	2	PO	1	5038	4558	5777	15373		
56	25	63	04	PO	2	1	ZZ	3	11458	9888	12247	33593		
56	26	99	01	DO	1	2	PO	1	1809	3597	50155	55561		
56	27	95	02	PO	1	1	ZZ	3	2206	9621	16732	28559		
56	28	19	03	PO	2	1	ZZ	3	4269	5220	8350	17839		
56	29	35	04	PO	2	1	PO	1	3487	6369	9590	19446		
56	30	39	01	ZZ	1	3	ZZ	3	13282	7488	9336	30106		
56	31	107	02	PO	1	1	PO	1	3821	4175	5213	13209		
56	32	55	03	ZZ	2	3	ZZ	3	11055	5631	17631	34317		
57	1	127	01	ZZ	1	3	ZZ	3	3350	3620	7250	14220		
57	2	43	02	ZZ	1	3	DO	2	2360	6270	10220	18850		
57	3	123	03	PO	2	1	DO	2	3790	8230	13120	25140		
57	4	55	04	DO	2	2	DO	2	4660	4450	6160	15270		
57	5	39	01	PO	1	1	ZZ	3	9890	2470	4780	17140		
57	6	87	02	PO	1	1	ZZ	3	2800	3410	4780	10990		
57	7	91	03	ZZ	2	3	ZZ	3	3790	3740	17740	25270		
57	8	3	04	DO	2	2	ZZ	3	4010	4060	5050	13120		
57	9	11	01	ZZ	1	3	ZZ	3	10270	2910	5490	18670		
57	10	27	02	ZZ	1	3	ZZ	3	5600	5270	8840	19710		
57	11	51	03	PO	2	1	ZZ	3	2090	2520	3510	8120		
57	12	99	04	DO	2	2	ZZ	3	2740	2530	5990	11260		
57	13	107	01	ZZ	1	3	ZZ	3	2250	4180	15600	22030		
57	14	47	02	DO	1	2	DO	2	1970	3240	6320	11530		
57	15	119	03	PO	2	1	ZZ	3	14830	4120	8570	27520		
57	16	59	04	DO	2	2	ZZ	3	5500	5220	12190	22910		
57	17	63	01	PO	1	1	DO	2	4670	6150	10710	21530		
57	18	95	02	PO	1	1	DO	2	3350	3630	5110	12090		
57	19	35	03	PO	2	1	DO	2	3900	6210	11310	21420		
57	20	103	04	DO	2	2	ZZ	3	4500	3460	9780	17740		
57	21	79	01	ZZ	1	3	ZZ	3	7360	11420	14770	33550		
57	22	71	02	DO	1	2	ZZ	3	16590	2640	5220	24450		
57	23	23	03	PO	2	1	DO	2	2360	6870	10330	19560		
57	24	83	04	DO	2	2	ZZ	3	2800	3070	4890	10760		
57	25	111	01	ZZ	1	3	ZZ	3	3080	2640	3460	9180		
57	26	31	02	DO	1	2	ZZ	3	2850	2410	5160	10420		
57	27	19	03	ZZ	2	3	ZZ	3	3740	3520	14720	21980		
57	28	75	04	DO	2	2	ZZ	3	5660	7410	10270	23340		
57	29	67	01	PO	1	1	DO	2	4010	2250	7190	13450		
57	30	7	02	DO	1	2	DO	2	2800	2690	9940	15430		
57	31	15	03	PO	2	1	ZZ	3	4830	4340	8950	18120		
57	32	115	04	DO	2	2	ZZ	3	3900	4670	7250	15820		
67	1	115	03	DO	2	2	ZZ	3	4406	4847	6019	15272		
67	2	19	04	PO	2	1	PO	1	5388	12448	14631	32467		
67	3	35	01	DO	1	2	PO	1	5568	3395	5869	14832		
67	4	79	02	PO	1	1	PO	1	13209	3866	5258	22333		
67	5	103	03	ZZ	2	3	ZZ	3	2594	4697	8653	15944		
67	6	87	04	PO	2	1	PO	1	4587	9724	14400	28711		
67	7	7	01	ZZ	1	3	ZZ	3	10956	12958	20038	43952		
67	8	23	02	PO	1	1	PO	1	6259	4126	6820	17205		
67	9	67	03	DO	2	2	ZZ	3	7120	4847	5878	17845		
67	10	123	04	PO	2	1	PO	1	5959	5849	8062	19870		
67	11	51	01	DO	1	2	PO	1	2343	6319	8793	17455		
67	12	3	02	PO	1	1	ZZ	3	9724	13749	16033	39506		
67	13	11	03	DO	2	2	PO	1	17446	20600	21591	59637		
67	14	39	04	PO	2	1	ZZ	3	3675	3866	5959	13500		
67	15	55	01	ZZ	1	3	PO	1	5258	6840	24064	36162		
67	16	83	02	PO	1	1	ZZ	3	11907	5999	12669	30575		
67	17	99	03	DO	2	2	PO	1	4546	10095	18627	33268		
67	18	47	04	PO	2	1	DO	2	5998	10385	16464	32847		
67	19	43	01	DO	1	2	DO	2	4587	4336	10335	19258		
67	20	119	02	PO	1	1	ZZ	3	4266	16684	23203	44153		
67	21	111	03	DO	2	2	PO	1	12568	5197	7360	25125		
67	22	59	04	ZZ	2	3	DO	2	6359	6249	7761	20369		
67	23	15	01	DO	1	2	PO	1	12548	5718	11406	29672		
67	24	75	02	PO	1	1	PO	1	14401	2774	10355	27530		
67	25	107	03	DO	2	2	PO	1	3395	6500	8693	18588		
67	26	27	04	ZZ	2	3	PO	1	4727	15853	18266	38846		
67	27	31	01	DO	1	2	PO	1	10525	6109	9634	26268		
67	28	63	02	ZZ	1	3	DO	2	9304	12448	17685	39437		
67	29	91	03	DO	2	2	PO	1	2774	3535	7411	13720		
67	30	71	04	PO	2	1	PO	1	9374	4877	6599	20850		
67	31	95	01	DO	1	2	PO	1	2524	4046	6730	13300		
67	32	127	02	PO	1	1	ZZ	3	5568	5668	7350	18586		
76	1	31	04	DO	2	2	ZZ	3	1870	5710	8020	15600		
76	2	119	01	PO	1	1	PO	1	3240	2360	4340	9940		
76	3	63	02	DO	1	2	PO	1	3190	3290	5650	12130		
76	4	107	03	PO	2	1	PO	1	3510	1920	10050	15480		
76	5	7	04	ZZ	2	3	ZZ	3	2860	13130	21860	37850		
76	6	71	01	PO	1	1	PO	1	1600	4390	7680	13670		
76	7	127	02	ZZ	1	3	ZZ	3	3070	10930	14890	28890		
76	8	91	03	PO	2	1	PO	1	1970	1650	11150	14770		
76	9	75	04	DO	2	2	ZZ	3	3240	2090	2970	8300		
76	10	83	01	PO	1	1	PO	1	2690	2420	6320	11430		
76	11	51	02	DO	1	2	PO	1	2250	3070	6150	11470		
76	12	79	03	PO	2	1	ZZ	3	3350	1650	5490	10490		
76	13	3	04	DO	2	2	PO	1	2910	4890	9400	17200		
76	14	15	01	PO	1	1	ZZ	3	1820	1810	5980	9610		
76	15	95	02	ZZ	1	3	PO	1	1970	2910	6590	11470		
76	16	115	03	PO	2	1	ZZ	3	3130	2260	4120	9510		
76	17	47	04	DO	2	2	PO	1	2420	1920	3350	7690		
76	18	123	01	PO	1	1	DO	2	7410	2530	7640	17580		
76	19	103	02	DO	1	2	DO	2	2150	3130	4390	9670		
76	20	23	03	PO	2	1	ZZ	3	1650	2030	5980	9660		
76	21	59	04	DO	2	2	PO	1	1810	2910	9890	14610		
76	22	19	01	ZZ	1	3	DO	2	1980	3070	5490	10540		
76	23	39	02	DO	1	2	PO	1	1700	1700	5000	8400		
76	24	11	03	PO	2	1	PO	1	3520	8400	10540	22460		
76	25	27	04	DO	2	2	PO	1	1700	3190	4510	9400		
76	26	87	01	ZZ	1	3	PO	1	1490	2150	3460	7100		
76	27	99	02	DO	1	2	PO	1	2410	8790	12740	23940		
76	28	55	03	ZZ	2	3	DO	2	3840	3350	5990	13180		
76	29	111	04	DO	2	2	PO	1	1320	3850	6320	11490		
76	30	43	01	PO	1	1	PO	1	2090	5980	7900	15970		
76	31	35	02	DO	1	2	PO	1	9890	4290	5930	20110		
76	32	67	03	ZZ	2	3	ZZ	3	1430	4170	6200	11800		
77	1	127	01	PO	1	1	ZZ	3	3485	15492	18737	37714		
77	2	99	02	DO	1	2	PO	1	7270	6669	9924	23863		
77	3	67	03	PO	2	1	ZZ	3	1943	6138	10234	18315		
77	4	115	04	DO	2	2	PO	1	5708	9143	17435	32286		
77	5	79	01	PO	1	1	DO	2	12968	7471	13199	33638		
77	6	111	02	DO	1	2	PO	1	4356	5749	10826	20931		
77	7	39	03	ZZ	2	3	ZZ	3	4897	5498	7811	18206		
77	8	107	04	DO	2	2	PO	1	17295	5538	18356	41189		
77	9	63	01	PO	1	1	ZZ	3	16093	2393	13409	31895		
77	10	71	02	DO	1	2	DO	2	6450	2003	3915	12368		
77	11	123	03	PO	2	1	ZZ	3	12338	5217	10234	27789		
77	12	83	04	DO	2	2	PO	1	4035	13649	22042	39726		
77	13	7	01	PO	1	1	PO	1	3965	2424	14812	21201		
77	14	23	02	DO	1	2	ZZ	3	10215	8762	15862	34839		
77	15	51	03	PO	2	1	PO	1	5779	12057	17605	35441		
77	16	87	04	DO	2	2	DO	2	4606	7511	29853	41970		
77	17	19	01	PO	1	1	PO	1	4357	3155	9674	17186		
77	18	47	02	DO	1	2	PO	1	3665	3185	9514	16364		
77	19	55	03	PO	2	1	ZZ	3	6860	1513	3736	12109		
77	20	103	04	DO	2	2	PO	1	2864	35721	40759	79344		
77	21	27	01	PO	1	1	PO	1	5338	6430	10906	22674		
77	22	75	02	DO	1	2	PO	1	4827	12649	16564	34040		
77	23	3	03	PO	2	1	PO	1	2383	3585	7972	13940		
77	24	91	04	DO	2	2	ZZ	3	3586	6188	46586	56360		
77	25	59	01	PO	1	1	PO	1	1852	8252	13400	23504		
77	26	35	02	DO	1	2	ZZ	3	5798	2924	4567	13289		
77	27	11	03	ZZ	2	3	PO	1	10105	4667	7170	21942		
77	28	119	04	DO	2	2	DO	2	10875	30	15102	26007		
77	29	95	01	PO	1	1	PO	1	2784	4497	11997	19278		
77	30	31	02	DO	1	2	PO	1	8842	8663	13410	30915		
77	31	15	03	PO	2	1	PO	1	8242	7381	19208	34831		
77	32	43	04	DO	2	2	ZZ	3	3515	20709	31415	55639		
78	1	127	02	DO	1	2	PO	1	9560	24550	58550	92660		
78	2	67	03	ZZ	2	3	PO	1	8840	18460	30930	58230		
78	3	55	04	DO	2	2	ZZ	3	7410	18620	24440	50470		
78	4	103	01	PO	1	1	PO	1	10110	8130	16970	35210		
78	5	31	02	ZZ	1	3	PO	1	13130	6540	12470	32140		
78	6	123	03	ZZ	2	3	PO	1	3630	3240	8790	15660		
78	7	87	04	DO	2	2	ZZ	3	18950	7090	15210	41250		
78	8	107	01	PO	1	1	PO	1	7850	4230	17850	29930		
78	9	27	02	DO	1	2	DO	2	4450	4720	7960	17130		
78	10	115	03	ZZ	2	3	PO	1	5770	4450	14780	25000		
78	11	19	04	DO	2	2	PO	1	16100	4720	13560	34380		
78	12	11	01	ZZ	1	3	ZZ	3	8630	11310	21360	41300		
78	13	39	02	DO	1	2	PO	1	6040	4940	35310	46290		
78	14	51	03	PO	2	1	DO	2	2140	5550	18840	26530		
78	15	71	04	DO	2	2	ZZ	3	5870	20270	35980	62120		
78	16	95	01	PO	1	1	PO	1	4440	10770	14400	29610		
78	17	79	02	DO	1	2	PO	1	5220	5930	15540	26690		
78	18	3	03	ZZ	2	3	DO	2	2920	3950	5430	12300		
78	19	63	04	DO	2	2	ZZ	3	4120	5930	24440	34490		
78	20	15	01	PO	1	1	PO	1	4780	4990	15210	24980		
78	21	83	02	DO	1	2	PO	1	17910	4400	7690	30000		
78	22	75	03	PO	2	1	DO	2	9770	5490	37130	52390		
78	23	91	04	DO	2	2	PO	1	7580	7090	12640	27310		
78	24	43	01	PO	1	1	PO	1	12250	4280	8730	25260		
78	25	47	02	DO	1	2	DO	2	5770	5110	13350	24230		
78	26	7	03	PO	2	1	DO	2	5000	10710	25100	40810		
78	27	59	04	DO	2	2	ZZ	3	4010	2690	11920	18620		
78	28	99	01	PO	1	1	ZZ	3	6530	7080	9500	23110		
78	29	35	02	DO	1	2	DO	2	6090	5540	10380	22010		
78	30	119	03	PO	2	1	PO	1	5160	7530	11870	24560		
78	31	111	04	ZZ	2	3	PO	1	9990	2700	14620	27310		
78	32	23	01	PO	1	1	PO	1	1700	4060	17630	23390		
81	1	55	01	PO	1	1	ZZ	3	4446	25587	27590	57623		
81	2	123	02	DO	1	2	ZZ	3	3835	8732	11867	24434		
81	3	127	03	PO	2	1	ZZ	3	7872	4366	12968	25206		
81	4	87	04	DO	2	2	ZZ	3	14390	7731	9374	31495		
81	5	119	01	PO	1	1	ZZ	3	12278	2774	19258	34310		
81	6	43	02	DO	1	2	PO	1	6079	7711	9894	23684		
81	7	23	03	ZZ	2	3	ZZ	3	6710	3435	7511	17656		
81	8	15	04	DO	2	2	PO	1	9924	3615	9023	22562		
81	9	19	01	PO	1	1	ZZ	3	3575	15602	24625	43802		
81	10	75	02	DO	1	2	ZZ	3	12418	4596	11857	28871		
81	11	115	03	DO	2	2	ZZ	3	18657	6269	17655	42581		
81	12	51	04	ZZ	2	3	ZZ	3	3716	4477	15352	23545		
81	13	35	01	PO	1	1	PO	1	4306	11076	14111	29493		
81	14	3	02	DO	1	2	ZZ	3	1733	10035	35651	47419		
81	15	47	03	ZZ	2	3	ZZ	3	7050	5388	13510	25948		
81	16	39	04	DO	2	2	PO	1	2393	5899	8032	16324		
81	17	103	01	PO	1	1	PO	1	3945	4226	10275	18446		
81	18	67	02	DO	1	2	PO	1	7451	5097	9193	21741		
81	19	27	03	PO	2	1	PO	1	5729	2363	4676	12768		
81	20	79	04	ZZ	2	3	ZZ	3	6850	6279	13509	26638		
81	21	83	01	PO	1	1	ZZ	3	7351	4497	9434	21282		
81	22	111	02	ZZ	1	3	ZZ	3	3464	5028	7692	16184		
81	23	95	03	DO	2	2	PO	1	9083	5198	10576	24857		
81	24	31	04	DO	2	2	ZZ	3	7501	5137	11236	23874		
81	25	59	01	ZZ	1	3	PO	1	6770	4066	6549	17385		
81	26	7	02	DO	1	2	PO	1	2884	3866	10996	17746		
81	27	99	03	PO	2	1	PO	1	4296	6899	10965	22160		
81	28	63	04	ZZ	2	3	PO	1	6740	5238	11296	23274		
81	29	71	01	ZZ	1	3	ZZ	3	7981	3485	13169	24635		
81	30	11	02	DO	1	2	ZZ	3	7461	4937	21070	33468		
81	31	107	03	PO	2	1	PO	1	3215	28931	31074	63220		
81	32	91	04	ZZ	2	3	ZZ	3	2904	9154	14802	26860		
87	1	7	03	PO	2	1	ZZ	3	19170	4440	22730	46340		
87	2	31	04	DO	2	2	PO	1	30650	6490	8130	45270		
87	3	63	01	PO	1	1	ZZ	3	8460	3790	10710	22960		
87	4	35	02	DO	1	2	DO	2	7800	6090	9770	23660		
87	5	75	03	ZZ	2	3	DO	2	2970	4890	16310	24170		
87	6	119	04	DO	2	2	DO	2	8510	13240	17250	39000		
87	7	99	01	ZZ	1	3	PO	1	4940	16750	19940	41630		
87	8	55	02	DO	1	2	DO	2	17030	19610	55590	92230		
87	9	11	03	PO	2	1	ZZ	3	44000	7470	21140	72610		
87	10	67	04	DO	2	2	DO	2	8620	15050	17030	40700		
87	11	83	01	PO	1	1	DO	2	4780	8240	17580	30600		
87	12	19	02	DO	1	2	ZZ	3	1970	4400	8850	15220		
87	13	39	03	PO	2	1	PO	1	3020	8350	15760	27130		
87	14	87	04	DO	2	2	DO	2	12690	6430	8190	27310		
87	15	59	01	PO	1	1	ZZ	3	2690	8070	17080	27840		
87	16	3	02	DO	1	2	PO	1	6970	11590	24610	43170		
87	17	123	03	PO	2	1	DO	2	4840	6210	15980	27030		
87	18	71	04	DO	2	2	DO	2	19390	2800	4280	26470		
87	19	127	01	PO	1	1	DO	2	4070	4500	8890	17460		
87	20	43	02	ZZ	1	3	PO	1	4010	7250	11650	22910		
87	21	27	03	PO	2	1	PO	1	2470	4060	8020	14550		
87	22	115	04	DO	2	2	ZZ	3	5990	8240	14060	28290		
87	23	51	01	PO	1	1	PO	1	28180	4120	10000	42300		
87	24	103	02	DO	1	2	ZZ	3	2200	4880	8400	15480		
87	25	23	03	PO	2	1	DO	2	3570	2970	7410	13950		
87	26	91	04	DO	2	2	DO	2	2970	7520	37340	47830		
87	27	47	01	PO	1	1	ZZ	3	5550	3240	21310	30100		
87	28	95	02	DO	1	2	DO	2	5330	11980	19170	36480		
87	29	107	03	PO	2	1	DO	2	3290	5210	9280	17780		
87	30	79	04	DO	2	2	DO	2	5610	19450	25210	50270		
87	31	111	01	PO	1	1	PO	1	2200	3960	9390	15550		
87	32	15	02	DO	1	2	ZZ	3	2470	4560	7690	14720		
88	1	55	04	DO	2	2	ZZ	3	2544	4026	5247	11817		
88	2	35	01	PO	1	1	DO	2	5809	2834	5267	13910		
88	3	43	02	DO	1	2	ZZ	3	1652	13480	16885	32017		
88	4	3	03	PO	2	1	ZZ	3	4566	2544	6520	13630		
88	5	123	04	DO	2	2	ZZ	3	3465	6429	7921	17815		
88	6	59	01	PO	1	1	DO	2	3115	11186	16974	31275		
88	7	79	02	DO	1	2	ZZ	3	1281	3384	6279	10944		
88	8	31	03	ZZ	2	3	ZZ	3	1503	2413	3985	7901		
88	9	107	04	DO	2	2	ZZ	3	4517	2143	2954	9614		
88	10	103	01	PO	1	1	DO	2	3175	1743	6279	11197		
88	11	99	02	DO	1	2	ZZ	3	2293	1522	5738	9553		
88	12	39	03	PO	2	1	ZZ	3	2424	1932	4045	8401		
88	13	7	04	DO	2	2	ZZ	3	2914	4216	8923	16053		
88	14	51	01	PO	1	1	ZZ	3	2433	1232	5018	8683		
88	15	127	02	ZZ	1	3	PO	1	3775	9343	14731	27849		
88	16	15	03	PO	2	1	ZZ	3	1402	2063	3565	7030		
88	17	111	04	DO	2	2	DO	2	3015	5788	10264	19067		
88	18	27	01	ZZ	1	3	ZZ	3	2483	2203	5128	9814		
88	19	115	02	DO	1	2	ZZ	3	1412	2473	3795	7680		
88	20	11	03	ZZ	2	3	ZZ	3	4096	4967	7961	17024		
88	21	19	04	DO	2	2	ZZ	3	1221	9303	10285	20809		
88	22	71	01	PO	1	1	ZZ	3	1893	2864	6158	10915		
88	23	67	02	DO	1	2	ZZ	3	3585	5989	8192	17766		
88	24	91	03	PO	2	1	ZZ	3	3455	4496	6279	14230		
88	25	63	04	DO	2	2	DO	2	3966	1533	2684	8183		
88	26	83	01	PO	1	1	PO	1	1883	2995	12789	17667		
88	27	47	02	DO	1	2	ZZ	3	971	2904	3876	7751		
88	28	95	03	ZZ	2	3	DO	2	1272	2534	14441	18247		
88	29	119	04	DO	2	2	DO	2	2714	1702	2994	7410		
88	30	75	01	PO	1	1	DO	2	6439	1662	8332	16433		
88	31	87	02	DO	1	2	ZZ	3	3185	2363	6609	12157		
88	32	23	03	PO	2	1	ZZ	3	1042	3555	5708	10305		
89	1	87	01	PO	1	1	PO	1	2263	2895	5639	10797		
89	2	15	02	DO	1	2	DO	2	4977	3185	7912	16074		
89	3	71	03	PO	2	1	DO	2	3525	2784	6640	12949		
89	4	123	04	DO	2	2	PO	1	3515	2965	4637	11117		
89	5	51	01	PO	1	1	PO	1	1572	1632	8102	11306		
89	6	75	02	DO	1	2	ZZ	3	3295	2193	4196	9684		
89	7	95	03	PO	2	1	PO	1	2263	2754	8873	13890		
89	8	91	04	DO	2	2	PO	1	1642	2283	5508	9433		
89	9	119	01	PO	1	1	ZZ	3	3455	1842	4256	9553		
89	10	67	02	DO	1	2	DO	2	4106	2524	3866	10496		
89	11	103	03	DO	2	2	ZZ	3	1903	2103	3885	7891		
89	12	83	04	DO	2	2	ZZ	3	1673	3615	7000	12288		
89	13	59	01	PO	1	1	PO	1	3125	3845	12908	19878		
89	14	7	02	DO	1	2	DO	2	1732	1993	3305	7030		
89	15	3	03	PO	2	1	ZZ	3	1633	1652	6729	10014		
89	16	39	04	DO	2	2	PO	1	2213	3615	6910	12738		
89	17	115	01	PO	1	1	ZZ	3	2604	1872	8812	13288		
89	18	47	02	DO	1	2	PO	1	2304	1853	2954	7111		
89	19	31	03	PO	2	1	PO	1	3896	1572	6108	11576		
89	20	127	04	DO	2	2	ZZ	3	2233	1712	7150	11095		
89	21	35	01	PO	1	1	DO	2	5027	2213	19148	26388		
89	22	27	02	DO	1	2	ZZ	3	7010	3195	7491	17696		
89	23	111	03	PO	2	1	DO	2	2644	3986	6880	13510		
89	24	11	04	DO	2	2	PO	1	3675	2604	5989	12268		
89	25	107	01	PO	1	1	PO	1	3505	1712	4086	9303		
89	26	43	02	DO	1	2	PO	1	1642	1813	2905	6360		
89	27	23	03	PO	2	1	PO	1	3054	3876	7381	14311		
89	28	19	04	DO	2	2	ZZ	3	6640	4736	10695	22071		
89	29	99	01	ZZ	1	3	PO	1	2103	2574	8322	12999		
89	30	63	02	DO	1	2	PO	1	2694	2343	6930	11967		
89	31	79	03	PO	2	1	PO	1	1803	1553	4787	8143		
89	32	55	04	DO	2	2	ZZ	3	3545	3354	6179	13078		
93	1	15	01	ZZ	1	3	ZZ	3	3250	6050	7470	16770		
93	2	27	02	DO	1	2	DO	2	1810	4120	16100	22030		
93	3	103	03	PO	2	1	DO	2	2700	2300	5100	10100		
93	4	71	04	DO	2	2	PO	1	2310	3730	6640	12680		
93	5	123	01	PO	1	1	ZZ	3	2250	2140	4720	9110		
93	6	79	02	DO	1	2	ZZ	3	3020	2360	3400	8780		
93	7	59	03	ZZ	2	3	ZZ	3	2530	3680	5930	12140		
93	8	99	04	DO	2	2	ZZ	3	4840	4010	5600	14450		
93	9	47	01	PO	1	1	ZZ	3	3790	2910	5880	12580		
93	10	11	02	DO	1	2	PO	1	7470	4340	14280	26090		
93	11	19	03	PO	2	1	ZZ	3	1810	3520	7750	13080		
93	12	67	04	DO	2	2	ZZ	3	1870	4510	11100	17480		
93	13	91	01	ZZ	1	3	DO	2	2310	4180	9830	16320		
93	14	119	02	DO	1	2	ZZ	3	2310	4170	7250	13730		
93	15	107	03	PO	2	1	ZZ	3	3130	3570	5820	12520		
93	16	55	04	DO	2	2	ZZ	3	3350	3630	5610	12590		
93	17	31	01	PO	1	1	ZZ	3	3030	4390	14000	21420		
93	18	83	02	DO	1	2	ZZ	3	8900	4840	6100	19840		
93	19	43	03	PO	2	1	ZZ	3	2300	2080	4450	8830		
93	20	111	04	DO	2	2	ZZ	3	2360	3460	5330	11150		
93	21	51	01	PO	1	1	ZZ	3	3020	2640	6210	11870		
93	22	95	02	DO	1	2	ZZ	3	2690	5440	7470	15600		
93	23	7	03	PO	2	1	PO	1	3520	2420	6320	12260		
93	24	35	04	ZZ	2	3	ZZ	3	2690	3840	7140	13670		
93	25	87	01	DO	1	2	PO	1	3680	3570	8350	15600		
93	26	3	02	DO	1	2	PO	1	2740	3460	12310	18510		
93	27	23	03	PO	2	1	PO	1	1700	2030	7690	11420		
93	28	115	04	ZZ	2	3	DO	2	3080	4670	7850	15600		
93	29	127	01	PO	1	1	PO	1	2640	2200	5930	10770		
93	30	75	02	DO	1	2	ZZ	3	2740	2470	3520	8730		
93	31	39	03	PO	2	1	PO	1	2690	5490	12190	20370		
93	32	63	04	ZZ	2	3	ZZ	3	2090	3520	4340	9950		
99	1	35	03	PO	2	1	ZZ	3	2300	6920	20050	29270		
99	2	15	04	DO	2	2	PO	1	1860	2360	10000	14220		
99	3	3	01	PO	1	1	ZZ	3	3240	1870	5220	10330		
99	4	47	02	DO	1	2	PO	1	2470	3950	12300	18720		
99	5	27	03	PO	2	1	ZZ	3	2140	2310	6700	11150		
99	6	43	04	PO	2	1	DO	2	2140	1760	9230	13130		
99	7	83	01	ZZ	1	3	PO	1	3180	5880	7640	16700		
99	8	19	02	DO	1	2	DO	2	4500	3890	7960	16350		
99	9	87	03	DO	2	2	ZZ	3	1640	3570	23510	28720		
99	10	119	04	PO	2	1	PO	1	2250	1700	3350	7300		
99	11	111	01	PO	1	1	ZZ	3	1480	1920	20650	24050		
99	12	23	02	DO	1	2	ZZ	3	2410	5000	19230	26640		
99	13	91	03	PO	2	1	ZZ	3	2030	7140	13670	22840		
99	14	31	04	DO	2	2	DO	2	1540	3520	9560	14620		
99	15	107	01	PO	1	1	ZZ	3	1480	2150	3960	7590		
99	16	127	02	ZZ	1	3	ZZ	3	1710	4950	6590	13250		
99	17	63	03	ZZ	2	3	DO	2	4010	3190	5550	12750		
99	18	99	04	DO	2	2	PO	1	11320	11970	18670	41960		
99	19	51	01	ZZ	1	3	ZZ	3	1920	1540	4620	8080		
99	20	75	02	ZZ	1	3	ZZ	3	1320	3630	49600	54550		
99	21	67	03	PO	2	1	PO	1	3290	2580	7030	12900		
99	22	55	04	DO	2	2	DO	2	3620	2030	4290	9940		
99	23	79	01	PO	1	1	ZZ	3	7960	1040	5820	14820		
99	24	71	02	DO	1	2	ZZ	3	2810	1930	6210	10950		
99	25	11	03	PO	2	1	DO	2	4500	1320	3570	9390		
99	26	123	04	DO	2	2	ZZ	3	1270	1380	4890	7540		
99	27	115	01	PO	1	1	ZZ	3	1810	1310	9390	12510		
99	28	95	02	DO	1	2	DO	2	3960	3300	31800	39060		
99	29	39	03	PO	2	1	DO	2	1820	1310	16140	19270		
99	30	59	04	DO	2	2	ZZ	3	2420	4060	8070	14550		
99	31	103	01	PO	1	1	ZZ	3	10430	1920	11040	23390		
99	32	7	02	PO	1	1	ZZ	3	1650	2090	5110	8850		
100	1	3	04	DO	2	2	ZZ	3	3460	9220	10540	23220		
100	2	75	01	PO	1	1	ZZ	3	10490	13570	22250	46310		
100	3	71	02	DO	1	2	DO	2	5930	30090	32350	68370		
100	4	79	03	PO	2	1	PO	1	10000	4890	9780	24670		
100	5	91	04	ZZ	2	3	ZZ	3	2970	11100	25760	39830		
100	6	15	01	PO	1	1	ZZ	3	5100	2850	4120	12070		
100	7	47	02	ZZ	1	3	ZZ	3	21250	38390	41030	100670		
100	8	67	03	PO	2	1	PO	1	4230	7470	9230	20930		
100	9	119	04	DO	2	2	ZZ	3	12970	17190	22570	52730		
100	10	99	01	PO	1	1	DO	2	6320	2260	4010	12590		
100	11	111	02	DO	1	2	ZZ	3	9940	2970	5170	18080		
100	12	107	03	PO	2	1	ZZ	3	3900	3190	19120	26210		
100	13	95	04	ZZ	2	3	DO	2	11580	26470	28070	66120		
100	14	23	01	PO	1	1	DO	2	3460	2360	11150	16970		
100	15	103	02	DO	1	2	ZZ	3	5990	5610	26750	38350		
100	16	7	03	PO	2	1	DO	2	5650	5550	9730	20930		
100	17	51	04	DO	2	2	DO	2	5220	2800	64750	72770		
100	18	31	01	ZZ	1	3	PO	1	4340	3350	13780	21470		
100	19	59	02	DO	1	2	PO	1	2410	8510	12580	23500		
100	20	11	03	PO	2	1	ZZ	3	2470	4010	8570	15050		
100	21	43	04	DO	2	2	PO	1	5380	6420	7740	19540		
100	22	19	01	PO	1	1	PO	1	6640	7410	13950	28000		
100	23	115	02	DO	1	2	PO	1	5060	2090	4170	11320		
100	24	87	03	ZZ	2	3	ZZ	3	13950	5490	8290	27730		
100	25	63	04	DO	2	2	DO	2	3730	4830	6870	15430		
100	26	123	01	PO	1	1	PO	1	1760	2140	9110	13010		
100	27	35	02	DO	1	2	PO	1	2860	4510	9010	16380		
100	28	127	03	ZZ	2	3	ZZ	3	1980	6150	7800	15930		
100	29	39	04	DO	2	2	PO	1	2300	4450	9340	16090		
100	30	83	01	PO	1	1	PO	1	4890	11320	25320	41530		
100	31	27	02	DO	1	2	PO	1	4390	6260	8180	18830		
100	32	55	03	ZZ	2	3	ZZ	3	7200	12080	14390	33670		
102	1	91	02	DO	1	2	DO	2	1100	1980	3020	6100		
102	2	83	03	ZZ	2	3	DO	2	1980	3350	4500	9830		
102	3	35	04	DO	2	2	DO	2	2200	2370	3900	8470		
102	4	123	01	PO	1	1	PO	1	1760	2970	4560	9290		
102	5	55	02	ZZ	1	3	ZZ	3	1480	2030	5160	8670		
102	6	87	03	PO	2	1	DO	2	2250	2250	4620	9120		
102	7	27	04	DO	2	2	PO	1	9880	3400	4230	17510		
102	8	75	01	PO	1	1	DO	2	8510	3130	4670	16310		
102	9	59	02	DO	1	2	DO	2	1430	3180	6090	10700		
102	10	103	03	ZZ	2	3	DO	2	2800	2040	3300	8140		
102	11	67	04	DO	2	2	ZZ	3	1650	1590	2310	5550		
102	12	39	01	PO	1	1	ZZ	3	3900	3960	5820	13680		
102	13	63	02	DO	1	2	DO	2	1530	2420	2970	6920		
102	14	43	03	PO	2	1	DO	2	2470	7420	9720	19610		
102	15	31	04	DO	2	2	ZZ	3	3570	2310	3240	9120		
102	16	79	01	PO	1	1	DO	2	1270	2850	4220	8340		
102	17	3	02	DO	1	2	ZZ	3	3570	3080	15880	22530		
102	18	95	03	ZZ	2	3	DO	2	3680	3630	4290	11600		
102	19	115	04	DO	2	2	ZZ	3	2140	3400	4230	9770		
102	20	71	01	PO	1	1	DO	2	1820	1920	4720	8460		
102	21	51	02	DO	1	2	DO	2	2580	1650	2470	6700		
102	22	111	03	PO	2	1	DO	2	1530	1760	2260	5550		
102	23	15	04	DO	2	2	DO	2	5770	2360	6640	14770		
102	24	119	01	PO	1	1	ZZ	3	2360	1650	3350	7360		
102	25	99	02	DO	1	2	DO	2	990	3740	4950	9680		
102	26	11	03	ZZ	2	3	DO	2	1870	6380	7250	15500		
102	27	23	04	DO	2	2	ZZ	3	1700	1420	2360	5480		
102	28	127	01	PO	1	1	DO	2	1320	1710	3350	6380		
102	29	7	02	DO	1	2	DO	2	3410	1320	1920	6650		
102	30	47	03	PO	2	1	PO	1	2640	2530	4060	9230		
102	31	19	04	DO	2	2	DO	2	2200	1710	2640	6550		
102	32	107	01	PO	1	1	DO	2	2200	3130	8240	13570		
103	1	119	03	ZZ	2	3	ZZ	3	1920	12080	17410	31410		
103	2	83	04	DO	2	2	PO	1	3130	6100	9670	18900		
103	3	39	01	PO	1	1	ZZ	3	2190	2750	6380	11320		
103	4	115	02	DO	1	2	PO	1	4340	4060	7030	15430		
103	5	27	03	ZZ	2	3	PO	1	2910	3790	6760	13460		
103	6	71	04	DO	2	2	ZZ	3	2630	3740	5550	11920		
103	7	23	01	ZZ	1	3	ZZ	3	3290	3190	5330	11810		
103	8	67	02	DO	1	2	PO	1	3960	5100	10210	19270		
103	9	31	03	PO	2	1	PO	1	2360	3680	5820	11860		
103	10	47	04	DO	2	2	ZZ	3	5720	2310	3510	11540		
103	11	3	01	PO	1	1	ZZ	3	1700	2420	4340	8460		
103	12	63	02	DO	1	2	ZZ	3	3510	3520	5940	12970		
103	13	99	03	ZZ	2	3	ZZ	3	3840	4830	10220	18890		
103	14	91	04	DO	2	2	DO	2	3460	5160	7200	15820		
103	15	123	01	ZZ	1	3	ZZ	3	6260	4120	10330	20710		
103	16	79	02	DO	1	2	DO	2	5770	9230	12080	27080		
103	17	59	03	ZZ	2	3	DO	2	4120	2200	3080	9400		
103	18	51	04	DO	2	2	PO	1	1980	2310	3680	7970		
103	19	111	01	ZZ	1	3	ZZ	3	1650	2410	4610	8670		
103	20	15	02	ZZ	1	3	ZZ	3	2150	2090	4340	8580		
103	21	107	03	PO	2	1	PO	1	4060	3240	5550	12850		
103	22	127	04	DO	2	2	ZZ	3	2850	4060	11260	18170		
103	23	11	01	PO	1	1	PO	1	3190	2030	4990	10210		
103	24	7	02	DO	1	2	ZZ	3	4730	3300	4560	12590		
103	25	103	03	PO	2	1	DO	2	2530	2640	4890	10060		
103	26	43	04	DO	2	2	PO	1	2150	4170	6200	12520		
103	27	75	01	PO	1	1	ZZ	3	3680	2420	4390	10490		
103	28	95	02	DO	1	2	ZZ	3	2520	2520	3680	8720		
103	29	55	03	PO	2	1	PO	1	2420	2030	6810	11260		
103	30	35	04	DO	2	2	DO	2	3240	2190	3510	8940		
103	31	19	01	PO	1	1	PO	1	1980	3290	5980	11250		
103	32	87	02	DO	1	2	ZZ	3	1930	2640	8020	12590		
115	1	3	03	PO	2	1	ZZ	3	2970	7860	16150	26980		
115	2	79	04	ZZ	2	3	DO	2	2190	3840	10600	16630		
115	3	91	01	PO	1	1	PO	1	2580	3190	23240	29010		
115	4	15	02	DO	1	2	PO	1	3850	6860	33990	44700		
115	5	123	03	ZZ	2	3	ZZ	3	1920	2750	7750	12420		
115	6	127	04	DO	2	2	PO	1	1810	2410	4230	8450		
115	7	63	01	ZZ	1	3	ZZ	3	2860	2410	5980	11250		
115	8	47	02	DO	1	2	PO	1	2750	3460	21530	27740		
115	9	7	03	ZZ	2	3	ZZ	3	6270	9780	31030	47080		
115	10	11	04	ZZ	2	3	DO	2	2910	2360	10440	15710		
115	11	107	01	PO	1	1	ZZ	3	11150	2300	4500	17950		
115	12	59	02	DO	1	2	ZZ	3	2260	2960	12130	17350		
115	13	19	03	ZZ	2	3	DO	2	2580	4670	13130	20380		
115	14	23	04	DO	2	2	DO	2	2140	4450	20600	27190		
115	15	75	01	ZZ	1	3	ZZ	3	2370	2850	5980	11200		
115	16	115	02	DO	1	2	PO	1	2580	5440	29550	37570		
115	17	111	03	ZZ	2	3	PO	1	2590	2690	13780	19060		
115	18	67	04	DO	2	2	PO	1	2250	2300	28890	33440		
115	19	71	01	PO	1	1	DO	2	1420	2470	7250	11140		
115	20	27	02	DO	1	2	DO	2	2030	3900	23450	29380		
115	21	31	03	PO	2	1	PO	1	2480	2800	12740	18020		
115	22	51	04	DO	2	2	DO	2	2920	5270	20480	28670		
115	23	95	01	PO	1	1	PO	1	2090	2090	15440	19620		
115	24	83	02	DO	1	2	PO	1	110620	4230	19170	134020		
115	25	55	03	PO	2	1	PO	1	2410	4180	7970	14560		
115	26	43	04	DO	2	2	PO	1	1590	3620	20760	25970		
115	27	103	01	PO	1	1	PO	1	2470	2200	22030	26700		
115	28	87	02	DO	1	2	ZZ	3	2580	2690	9610	14880		
115	29	39	03	PO	2	1	PO	1	2200	2470	8840	13510		
115	30	99	04	DO	2	2	PO	1	2580	3080	13900	19560		
115	31	119	01	PO	1	1	PO	1	64320	1980	12580	78880		
115	32	35	02	ZZ	1	3	PO	1	1590	2970	10110	14670		
117	1	91	01	ZZ	1	3	PO	1	4280	15050	18620	37950		
117	2	59	02	ZZ	1	3	PO	1	10000	8520	15220	33740		
117	3	119	03	PO	2	1	ZZ	3	3790	3460	9890	17140		
117	4	123	04	DO	2	2	PO	1	2300	3300	7750	13350		
117	5	43	01	PO	1	1	ZZ	3	4670	5110	12360	22140		
117	6	99	02	DO	1	2	ZZ	3	11150	3180	3790	18120		
117	7	111	03	ZZ	2	3	ZZ	3	6540	6860	10320	23720		
117	8	27	04	ZZ	2	3	PO	1	2970	3460	9010	15440		
117	9	15	01	PO	1	1	PO	1	7140	3520	8630	19290		
117	10	95	02	DO	1	2	DO	2	5000	3620	7800	16420		
117	11	51	03	DO	2	2	PO	1	8680	14120	15870	38670		
117	12	115	04	DO	2	2	ZZ	3	2250	5600	13180	21030		
117	13	11	01	PO	1	1	PO	1	8680	4720	8070	21470		
117	14	67	02	DO	1	2	ZZ	3	6370	3400	5990	15760		
117	15	3	03	ZZ	2	3	ZZ	3	5660	4780	8900	19340		
117	16	55	04	DO	2	2	DO	2	4500	5660	10820	20980		
117	17	47	01	PO	1	1	PO	1	2480	3240	14110	19830		
117	18	127	02	DO	1	2	PO	1	2970	6920	11810	21700		
117	19	83	03	PO	2	1	ZZ	3	1980	4010	7140	13130		
117	20	87	04	DO	2	2	ZZ	3	6920	2360	5380	14660		
117	21	107	01	PO	1	1	PO	1	32140	6920	9880	48940		
117	22	39	02	DO	1	2	ZZ	3	4170	2700	9840	16710		
117	23	7	03	PO	2	1	ZZ	3	6210	3290	14110	23610		
117	24	23	04	DO	2	2	PO	1	6210	6750	15870	28830		
117	25	31	01	PO	1	1	DO	2	2800	7850	12080	22730		
117	26	75	02	DO	1	2	PO	1	3570	3460	7250	14280		
117	27	35	03	PO	2	1	PO	1	3790	3240	10710	17740		
117	28	79	04	DO	2	2	ZZ	3	2360	3520	5390	11270		
117	29	71	01	ZZ	1	3	PO	1	7470	9330	14550	31350		
117	30	19	02	DO	1	2	PO	1	4730	7850	17350	29930		
117	31	103	03	ZZ	2	3	ZZ	3	3290	3460	6320	13070		
117	32	63	04	DO	2	2	ZZ	3	4060	7740	13730	25530		
119	1	99	03	ZZ	2	3	ZZ	3	2470	4940	6090	13500		
119	2	3	04	DO	2	2	PO	1	5600	6420	11260	23280		
119	3	75	01	PO	1	1	DO	2	1750	3180	10710	15640		
119	4	39	02	DO	1	2	DO	2	10380	2750	5220	18350		
119	5	79	03	ZZ	2	3	ZZ	3	2470	4990	8400	15860		
119	6	47	04	DO	2	2	ZZ	3	12470	2200	9390	24060		
119	7	11	01	ZZ	1	3	ZZ	3	3620	6530	12300	22450		
119	8	95	02	DO	1	2	DO	2	2910	2850	5160	10920		
119	9	19	03	PO	2	1	ZZ	3	2690	11040	14390	28120		
119	10	35	04	DO	2	2	DO	2	3180	6650	11980	21810		
119	11	71	01	ZZ	1	3	DO	2	1970	3620	22740	28330		
119	12	123	02	DO	1	2	ZZ	3	3180	5160	19610	27950		
119	13	7	03	ZZ	2	3	ZZ	3	3630	14010	16420	34060		
119	14	51	04	DO	2	2	ZZ	3	7850	4780	20820	33450		
119	15	83	01	ZZ	1	3	ZZ	3	7030	5600	17790	30420		
119	16	63	02	DO	1	2	ZZ	3	2750	3400	8730	14880		
119	17	103	03	ZZ	2	3	DO	2	2690	4000	9110	15800		
119	18	111	04	DO	2	2	DO	2	3140	1980	3460	8580		
119	19	115	01	ZZ	1	3	DO	2	2250	8240	10490	20980		
119	20	119	02	DO	1	2	ZZ	3	4620	14390	18010	37020		
119	21	23	03	PO	2	1	DO	2	6980	2190	7080	16250		
119	22	59	04	DO	2	2	ZZ	3	2300	5380	7690	15370		
119	23	55	01	PO	1	1	DO	2	7300	3300	11870	22470		
119	24	127	02	DO	1	2	ZZ	3	7030	1980	5270	14280		
119	25	15	03	PO	2	1	DO	2	2530	2200	3410	8140		
119	26	27	04	DO	2	2	DO	2	1810	2250	3850	7910		
119	27	91	01	PO	1	1	ZZ	3	2190	4720	7580	14490		
119	28	107	02	DO	1	2	DO	2	8570	2800	11590	22960		
119	29	67	03	ZZ	2	3	DO	2	8400	3850	5170	17420		
119	30	87	04	DO	2	2	DO	2	10540	4330	10490	25360		
119	31	31	01	PO	1	1	PO	1	1700	2250	8300	12250		
119	32	43	02	DO	1	2	ZZ	3	5210	6260	8300	19770		
124	1	119	04	DO	2	2	ZZ	3	1810	3130	5600	10540		
124	2	3	01	ZZ	1	3	DO	2	2480	5210	8340	16030		
124	3	103	02	DO	1	2	DO	2	1870	4290	5440	11600		
124	4	63	03	PO	2	1	PO	1	2970	2360	5000	10330		
124	5	43	04	ZZ	2	3	ZZ	3	17410	10000	15880	43290		
124	6	11	01	ZZ	1	3	DO	2	2090	2520	4440	9050		
124	7	83	02	ZZ	1	3	ZZ	3	2740	5550	8300	16590		
124	8	51	03	PO	2	1	PO	1	2420	2420	9780	14620		
124	9	75	04	DO	2	2	ZZ	3	2030	2140	3960	8130		
124	10	79	01	PO	1	1	PO	1	1820	1920	5430	9170		
124	11	91	02	DO	1	2	DO	2	1370	3620	15930	20920		
124	12	87	03	PO	2	1	PO	1	1760	1750	4280	7790		
124	13	31	04	ZZ	2	3	ZZ	3	1860	5980	8130	15970		
124	14	95	01	PO	1	1	DO	2	1370	2140	7360	10870		
124	15	59	02	ZZ	1	3	ZZ	3	2090	9990	15540	27620		
124	16	7	03	PO	2	1	PO	1	3520	2310	5380	11210		
124	17	19	04	DO	2	2	DO	2	2030	2630	7250	11910		
124	18	115	01	ZZ	1	3	DO	2	1650	2860	11590	16100		
124	19	35	02	ZZ	1	3	DO	2	1980	2310	9720	14010		
124	20	27	03	ZZ	2	3	DO	2	1980	1860	4550	8390		
124	21	123	04	DO	2	2	DO	2	1420	2090	4180	7690		
124	22	71	01	PO	1	1	ZZ	3	1320	3080	5710	10110		
124	23	55	02	DO	1	2	DO	2	1320	2310	11590	15220		
124	24	47	03	ZZ	2	3	ZZ	3	1370	4280	6100	11750		
124	25	15	04	DO	2	2	DO	2	1700	3410	5440	10550		
124	26	67	01	PO	1	1	DO	2	1760	2800	9560	14120		
124	27	39	02	DO	1	2	DO	2	2300	3850	18680	24830		
124	28	111	03	ZZ	2	3	ZZ	3	2140	1530	3130	6800		
124	29	23	04	DO	2	2	DO	2	2750	2190	8180	13120		
124	30	99	01	PO	1	1	DO	2	2580	1870	15490	19940		
124	31	107	02	DO	1	2	DO	2	1920	2470	3840	8230		
124	32	127	03	ZZ	2	3	DO	2	2200	2640	4450	9290		
128	1	11	04	DO	2	2	ZZ	3	3130	4120	7740	14990		
128	2	55	01	PO	1	1	PO	1	3460	3900	7040	14400		
128	3	51	02	DO	1	2	DO	2	127090	3620	10710	141420		
128	4	75	03	PO	2	1	PO	1	6760	5990	10270	23020		
128	5	23	04	ZZ	2	3	PO	1	4340	10930	12740	28010		
128	6	123	01	PO	1	1	ZZ	3	5110	4400	7800	17310		
128	7	7	02	ZZ	1	3	ZZ	3	24280	61410	64700	150390		
128	8	103	03	PO	2	1	ZZ	3	3950	3570	13510	21030		
128	9	59	04	DO	2	2	ZZ	3	5110	12250	15380	32740		
128	10	35	01	PO	1	1	PO	1	3080	3460	10490	17030		
128	11	119	02	DO	1	2	ZZ	3	4720	3410	9010	17140		
128	12	111	03	PO	2	1	ZZ	3	2970	3300	8460	14730		
128	13	15	04	DO	2	2	DO	2	86400	107480	133020	326900		
128	14	95	01	PO	1	1	ZZ	3	3240	3350	5600	12190		
128	15	71	02	DO	1	2	ZZ	3	4610	35050	39660	79320		
128	16	91	03	PO	2	1	ZZ	3	2640	4180	8790	15610		
128	17	83	04	DO	2	2	ZZ	3	4730	3630	5710	14070		
128	18	39	01	ZZ	1	3	ZZ	3	8510	5500	6650	20660		
128	19	47	02	DO	1	2	PO	1	9120	2420	4940	16480		
128	20	127	03	PO	2	1	ZZ	3	3240	6260	12350	21850		
128	21	43	04	DO	2	2	ZZ	3	3240	47730	53170	104140		
128	22	87	01	PO	1	1	ZZ	3	3240	4510	6920	14670		
128	23	19	02	DO	1	2	ZZ	3	4390	4060	10270	18720		
128	24	3	03	ZZ	2	3	PO	1	9060	3620	8950	21630		
128	25	99	04	DO	2	2	ZZ	3	5210	2850	5000	13060		
128	26	63	01	DO	1	2	DO	2	29990	7360	12020	49370		
128	27	27	02	DO	1	2	ZZ	3	4390	55810	61250	121450		
128	28	79	03	ZZ	2	3	DO	2	3840	4170	6590	14600		
128	29	115	04	DO	2	2	PO	1	6540	3350	4830	14720		
128	30	31	01	PO	1	1	ZZ	3	6980	4400	9120	20500		
128	31	107	02	DO	1	2	ZZ	3	3300	5060	7470	15830		
128	32	67	03	ZZ	2	3	ZZ	3	51190	4280	6370	61840		
129	1	79	04	DO	2	2	ZZ	3	7740	3960	10990	22690		
129	2	127	01	PO	1	1	DO	2	4390	4730	7310	16430		
129	3	35	02	DO	1	2	ZZ	3	17190	8020	10000	35210		
129	4	67	03	PO	2	1	PO	1	4510	7690	10980	23180		
129	5	75	04	ZZ	2	3	PO	1	2190	7300	8240	17730		
129	6	31	01	PO	1	1	ZZ	3	3680	4340	7690	15710		
129	7	123	02	ZZ	1	3	ZZ	3	3740	6430	8570	18740		
129	8	51	03	PO	2	1	ZZ	3	6260	4560	7690	18510		
129	9	119	04	DO	2	2	ZZ	3	4780	3840	5380	14000		
129	10	71	01	PO	1	1	PO	1	28620	3400	11420	43440		
129	11	95	02	DO	1	2	ZZ	3	2250	4670	8460	15380		
129	12	107	03	PO	2	1	ZZ	3	3620	4280	9010	16910		
129	13	91	04	ZZ	2	3	ZZ	3	4890	4840	6320	16050		
129	14	103	01	PO	1	1	PO	1	1810	3080	5440	10330		
129	15	15	02	DO	1	2	ZZ	3	14940	12140	14120	41200		
129	16	115	03	PO	2	1	ZZ	3	3570	3900	7630	15100		
129	17	23	04	DO	2	2	PO	1	8180	3180	5600	16960		
129	18	11	01	ZZ	1	3	ZZ	3	25650	6760	8300	40710		
129	19	3	02	DO	1	2	ZZ	3	5220	5990	8900	20110		
129	20	83	03	PO	2	1	ZZ	3	4500	3190	12420	20110		
129	21	55	04	DO	2	2	ZZ	3	2970	16980	19890	39840		
129	22	7	01	PO	1	1	PO	1	4010	3900	7030	14940		
129	23	111	02	DO	1	2	ZZ	3	5380	11260	25980	42620		
129	24	87	03	ZZ	2	3	ZZ	3	3400	5160	15980	24540		
129	25	19	04	DO	2	2	ZZ	3	8130	4830	7250	20210		
129	26	99	01	PO	1	1	ZZ	3	2640	6090	8340	17070		
129	27	43	02	DO	1	2	PO	1	3240	5050	7690	15980		
129	28	59	03	ZZ	2	3	DO	2	6100	3460	5000	14560		
129	29	47	04	DO	2	2	PO	1	3680	3730	5820	13230		
129	30	27	01	PO	1	1	ZZ	3	5110	5110	10660	20880		
129	31	39	02	DO	1	2	ZZ	3	6970	6480	8570	22020		
129	32	63	03	ZZ	2	3	PO	1	3730	4620	6650	15000		
137	1	63	04	DO	2	2	ZZ	3	1700	5710	14610	22020		
137	2	11	01	PO	1	1	PO	1	3570	3520	4950	12040		
137	3	107	02	DO	1	2	PO	1	3130	4340	5330	12800		
137	4	39	03	PO	2	1	PO	1	3730	3180	5050	11960		
137	5	115	04	DO	2	2	ZZ	3	5160	18240	19280	42680		
137	6	27	01	PO	1	1	PO	1	2580	2740	6970	12290		
137	7	47	02	DO	1	2	ZZ	3	2970	27180	29490	59640		
137	8	59	03	ZZ	2	3	PO	1	8240	5160	8460	21860		
137	9	19	04	DO	2	2	PO	1	8180	4670	5820	18670		
137	10	55	01	PO	1	1	PO	1	2910	3740	8680	15330		
137	11	51	02	DO	1	2	PO	1	2140	6540	14500	23180		
137	12	127	03	PO	2	1	PO	1	3510	6640	9890	20040		
137	13	111	04	DO	2	2	PO	1	7910	23070	25650	56630		
137	14	71	01	PO	1	1	DO	2	2970	4010	7960	14940		
137	15	7	02	ZZ	1	3	ZZ	3	12200	21810	53220	87230		
137	16	119	03	PO	2	1	PO	1	7300	4840	7200	19340		
137	17	95	04	DO	2	2	PO	1	4230	3460	4830	12520		
137	18	123	01	PO	1	1	PO	1	3080	4340	14170	21590		
137	19	103	02	DO	1	2	ZZ	3	1870	2800	3730	8400		
137	20	67	03	ZZ	2	3	PO	1	2190	3350	4180	9720		
137	21	23	04	DO	2	2	PO	1	2300	5490	6920	14710		
137	22	15	01	PO	1	1	PO	1	2640	2800	5600	11040		
137	23	75	02	DO	1	2	PO	1	3960	5430	13560	22950		
137	24	87	03	ZZ	2	3	ZZ	3	2800	4940	10600	18340		
137	25	43	04	DO	2	2	DO	2	5110	8570	10490	24170		
137	26	3	01	PO	1	1	PO	1	6260	5660	15770	27690		
137	27	83	02	DO	1	2	PO	1	3020	4180	14780	21980		
137	28	31	03	ZZ	2	3	PO	1	2520	5110	6650	14280		
137	29	99	04	DO	2	2	PO	1	3020	6040	15490	24550		
137	30	35	01	PO	1	1	PO	1	4610	3790	6810	15210		
137	31	79	02	DO	1	2	PO	1	2080	6210	8300	16590		
137	32	91	03	ZZ	2	3	ZZ	3	1700	9890	14400	25990		
140	1	119	03	PO	2	1	ZZ	3	2850	15160	20330	38340		
140	2	123	04	DO	2	2	PO	1	7360	6590	16640	30590		
140	3	75	01	PO	1	1	PO	1	6810	6540	12690	26040		
140	4	59	02	DO	1	2	PO	1	10110	7740	24490	42340		
140	5	11	03	ZZ	2	3	PO	1	3900	14780	19560	38240		
140	6	63	04	DO	2	2	PO	1	14220	6760	17360	38340		
140	7	111	01	ZZ	1	3	ZZ	3	9170	14390	18130	41690		
140	8	71	02	DO	1	2	PO	1	4730	5380	29330	39440		
140	9	79	03	PO	2	1	PO	1	3240	6970	30320	40530		
140	10	115	04	ZZ	2	3	PO	1	13460	2520	17190	33170		
140	11	19	01	PO	1	1	PO	1	10110	6480	13290	29880		
140	12	3	02	DO	1	2	ZZ	3	7090	3900	11700	22690		
140	13	23	03	ZZ	2	3	PO	1	7300	3570	11480	22350		
140	14	47	04	DO	2	2	PO	1	3350	9730	27080	40160		
140	15	43	01	ZZ	1	3	ZZ	3	17410	6050	10170	33630		
140	16	91	02	DO	1	2	DO	2	4180	7200	14610	25990		
140	17	87	03	PO	2	1	PO	1	2740	7750	11320	21810		
140	18	83	04	DO	2	2	PO	1	3570	3460	12250	19280		
140	19	31	01	PO	1	1	PO	1	4620	9880	35420	49920		
140	20	39	02	DO	1	2	PO	1	7200	9390	38390	54980		
140	21	51	03	PO	2	1	PO	1	6320	16150	21310	43780		
140	22	127	04	DO	2	2	PO	1	6210	6700	25980	38890		
140	23	35	01	PO	1	1	PO	1	3130	2740	6860	12730		
140	24	67	02	DO	1	2	PO	1	7360	4120	8890	20370		
140	25	99	03	PO	2	1	PO	1	6590	7910	32740	47240		
140	26	107	04	DO	2	2	PO	1	5550	5550	18400	29500		
140	27	15	01	PO	1	1	ZZ	3	2970	4070	10380	17420		
140	28	95	02	DO	1	2	DO	2	4290	8790	10760	23840		
140	29	103	03	PO	2	1	PO	1	3790	4610	10490	18890		
140	30	55	04	DO	2	2	PO	1	3400	11260	29880	44540		
140	31	7	01	PO	1	1	PO	1	7360	7250	12030	26640		
140	32	27	02	ZZ	1	3	ZZ	3	2800	3510	11640	17950		
145	1	103	04	DO	2	2	PO	1	6590	2810	4620	14020		
145	2	71	01	PO	1	1	DO	2	1540	2310	3080	6930		
145	3	63	02	DO	1	2	DO	2	1490	1700	2800	5990		
145	4	27	03	ZZ	2	3	DO	2	8240	2250	3130	13620		
145	5	39	04	ZZ	2	3	ZZ	3	3180	3950	8570	15700		
145	6	23	01	PO	1	1	ZZ	3	2090	2410	6750	11250		
145	7	67	02	DO	1	2	DO	2	2090	2200	3630	7920		
145	8	59	03	PO	2	1	ZZ	3	2140	1980	2750	6870		
145	9	55	04	DO	2	2	DO	2	1870	1870	3070	6810		
145	10	47	01	PO	1	1	ZZ	3	6430	2420	6040	14890		
145	11	123	02	DO	1	2	ZZ	3	2150	3140	4230	9520		
145	12	15	03	PO	2	1	ZZ	3	3020	2190	4060	9270		
145	13	35	04	DO	2	2	DO	2	1710	2690	5270	9670		
145	14	107	01	PO	1	1	ZZ	3	4390	1760	4560	10710		
145	15	43	02	PO	1	1	ZZ	3	4330	2370	10500	17200		
145	16	7	03	PO	2	1	ZZ	3	2910	3130	4940	10980		
145	17	75	04	DO	2	2	DO	2	1600	3460	5540	10600		
145	18	83	01	PO	1	1	DO	2	2030	1870	4010	7910		
145	19	31	02	DO	1	2	DO	2	1540	4070	6320	11930		
145	20	115	03	PO	2	1	ZZ	3	2030	2250	5050	9330		
145	21	99	04	DO	2	2	DO	2	3190	1700	3460	8350		
145	22	51	01	PO	1	1	DO	2	1870	3790	7200	12860		
145	23	19	02	DO	1	2	ZZ	3	2080	3680	4670	10430		
145	24	119	03	PO	2	1	ZZ	3	2480	2040	3460	7980		
145	25	111	04	DO	2	2	ZZ	3	2800	8130	9170	20100		
145	26	127	01	PO	1	1	ZZ	3	3130	1930	2590	7650		
145	27	95	02	DO	1	2	PO	1	3020	1430	2910	7360		
145	28	87	03	ZZ	2	3	DO	2	1920	2080	2800	6800		
145	29	79	04	DO	2	2	DO	2	1430	2410	3240	7080		
145	30	3	01	ZZ	1	3	ZZ	3	2640	6750	9000	18390		
145	31	11	02	DO	1	2	PO	1	1650	1920	2960	6530		
145	32	91	03	PO	2	1	DO	2	1710	2810	4450	8970		
150	1	47	01	ZZ	1	3	DO	2	2300	6040	7860	16200		
150	2	39	02	DO	1	2	DO	2	3190	4940	13670	21800		
150	3	107	03	PO	2	1	DO	2	4780	4450	20320	29550		
150	4	103	04	DO	2	2	DO	2	2260	3510	6970	12740		
150	5	3	01	ZZ	1	3	ZZ	3	2090	3190	65470	70750		
150	6	119	02	DO	1	2	DO	2	3290	4770	9830	17890		
150	7	95	03	PO	2	1	PO	1	8350	2630	5710	16690		
150	8	7	04	DO	2	2	DO	2	1920	5940	24010	31870		
150	9	11	01	PO	1	1	ZZ	3	14610	5870	9660	30140		
150	10	71	02	DO	1	2	PO	1	4120	7360	17960	29440		
150	11	43	03	PO	2	1	DO	2	3520	3840	10870	18230		
150	12	19	04	DO	2	2	ZZ	3	9010	3630	7640	20280		
150	13	31	01	PO	1	1	ZZ	3	4170	3240	21420	28830		
150	14	99	02	DO	1	2	DO	2	3570	3400	6810	13780		
150	15	91	03	PO	2	1	ZZ	3	7860	2750	17630	28240		
150	16	123	04	DO	2	2	DO	2	3510	10500	14780	28790		
150	17	23	01	PO	1	1	PO	1	3730	6150	7740	17620		
150	18	111	02	DO	1	2	DO	2	4780	6480	19380	30640		
150	19	15	03	PO	2	1	ZZ	3	5440	3080	7800	16320		
150	20	79	04	ZZ	2	3	DO	2	6860	8520	18460	33840		
150	21	55	01	PO	1	1	PO	1	4940	2960	9170	17070		
150	22	63	02	DO	1	2	DO	2	7140	3790	8130	19060		
150	23	127	03	PO	2	1	PO	1	4060	3840	14500	22400		
150	24	35	04	DO	2	2	ZZ	3	2470	13080	15770	31320		
150	25	59	01	PO	1	1	DO	2	6650	3130	9610	19390		
150	26	27	02	DO	1	2	DO	2	4280	6540	29220	40040		
150	27	67	03	PO	2	1	ZZ	3	5820	1860	15490	23170		
150	28	115	04	ZZ	2	3	DO	2	3960	4070	5710	13740		
150	29	51	01	PO	1	1	PO	1	4940	2090	8680	15710		
150	30	87	02	DO	1	2	PO	1	5220	7360	13130	25710		
150	31	75	03	PO	2	1	DO	2	4340	3730	7030	15100		
150	32	83	04	ZZ	2	3	ZZ	3	1820	16420	29820	48060		
163	1	103	02	DO	1	2	ZZ	3	1470	12366	19184	33020		
163	2	23	03	PO	2	1	ZZ	3	4926	3416	7251	15593		
163	3	47	04	DO	2	2	PO	1	3466	1764	3551	8781		
163	4	83	01	PO	1	1	PO	1	2328	1803	5615	9746		
163	5	19	02	DO	1	2	ZZ	3	1574	6382	8138	16094		
163	6	87	03	PO	2	1	ZZ	3	2687	2265	4339	9291		
163	7	43	04	DO	2	2	ZZ	3	1805	2187	4444	8436		
163	8	39	01	PO	1	1	ZZ	3	9568	2711	8194	20473		
163	9	35	02	DO	1	2	ZZ	3	6409	6242	9520	22171		
163	10	115	03	ZZ	2	3	PO	1	4580	2353	6390	13323		
163	11	111	04	DO	2	2	ZZ	3	1419	2084	4886	8389		
163	12	91	01	PO	1	1	ZZ	3	1996	1816	3916	7728		
163	13	127	02	DO	1	2	ZZ	3	4696	2481	5658	12835		
163	14	15	03	PO	2	1	ZZ	3	2238	3135	6104	11477		
163	15	7	04	DO	2	2	ZZ	3	6868	2187	4670	13725		
163	16	119	01	PO	1	1	ZZ	3	8647	1740	6909	17296		
163	17	107	02	DO	1	2	ZZ	3	5360	2137	3640	11137		
163	18	63	03	ZZ	2	3	ZZ	3	4719	1892	4305	10916		
163	19	95	04	DO	2	2	ZZ	3	2699	3249	4484	10432		
163	20	31	01	PO	1	1	ZZ	3	2200	2584	5663	10447		
163	21	59	02	DO	1	2	ZZ	3	5269	5422	7607	18298		
163	22	27	03	ZZ	2	3	ZZ	3	24109	2036	3885	30030		
163	23	79	04	DO	2	2	ZZ	3	6294	1971	3772	12037		
163	24	123	01	PO	1	1	ZZ	3	1892	1612	5153	8657		
163	25	51	02	DO	1	2	ZZ	3	1291	3324	7459	12074		
163	26	75	03	PO	2	1	PO	1	1497	1497	4299	7293		
163	27	3	04	DO	2	2	ZZ	3	1318	2993	4913	9224		
163	28	99	01	PO	1	1	PO	1	1995	1548	3971	7514		
163	29	71	02	DO	1	2	ZZ	3	5565	2110	3508	11183		
163	30	55	03	PO	2	1	PO	1	1843	4105	6762	12710		
163	31	11	04	DO	2	2	ZZ	3	1626	2328	3675	7629		
163	32	67	01	PO	1	1	ZZ	3	1509	2571	6026	10106		
165	1	119	04	DO	2	2	ZZ	3	5768	8853	20029	34650		
165	2	23	01	PO	1	1	ZZ	3	10224	6640	14331	31195		
165	3	91	02	DO	1	2	ZZ	3	5138	5979	10385	21502		
165	4	15	03	ZZ	2	3	DO	2	6870	6420	10335	23625		
165	5	59	04	DO	2	2	ZZ	3	3025	9484	13970	26479		
165	6	47	01	PO	1	1	ZZ	3	9414	8733	10515	28662		
165	7	7	02	DO	1	2	ZZ	3	6400	7231	8412	22043		
165	8	99	03	PO	2	1	DO	2	5588	6008	8632	20228		
165	9	39	04	DO	2	2	ZZ	3	5047	11517	12558	29122		
165	10	3	01	PO	1	1	ZZ	3	7802	14571	26998	49371		
165	11	75	02	DO	1	2	ZZ	3	3685	6760	9434	19879		
165	12	87	03	PO	2	1	ZZ	3	2213	4517	5999	12729		
165	13	115	04	DO	2	2	PO	1	3245	6369	12578	22192		
165	14	107	01	DO	1	2	DO	2	2874	6900	25206	34980		
165	15	127	02	DO	1	2	ZZ	3	7220	8692	10485	26397		
165	16	95	03	PO	2	1	DO	2	9263	3305	5939	18507		
165	17	51	04	DO	2	2	DO	2	7291	3194	6058	16543		
165	18	31	01	DO	1	2	DO	2	5068	11607	24595	41270		
165	19	55	02	DO	1	2	ZZ	3	8562	4767	5448	18777		
165	20	83	03	ZZ	2	3	ZZ	3	5328	4206	5408	14942		
165	21	27	04	DO	2	2	PO	1	10576	3765	5417	19758		
165	22	63	01	PO	1	1	DO	2	14521	5648	15883	36052		
165	23	111	02	DO	1	2	DO	2	3385	6900	7711	17996		
165	24	123	03	ZZ	2	3	ZZ	3	4767	6259	8943	19969		
165	25	103	04	DO	2	2	ZZ	3	3064	9463	10505	23032		
165	26	43	01	PO	1	1	ZZ	3	4126	6570	12899	23595		
165	27	67	02	DO	1	2	ZZ	3	8121	5368	7802	21291		
165	28	19	03	ZZ	2	3	ZZ	3	3415	5368	9013	17796		
165	29	71	04	DO	2	2	DO	2	5998	5148	7301	18447		
165	30	79	01	ZZ	1	3	ZZ	3	140	6499	10455	17094		
165	31	35	02	DO	1	2	DO	2	17445	10014	13349	40808		
165	32	11	03	PO	2	1	PO	1	9204	3996	8422	21622		
168	1	43	03	DO	2	2	DO	2	2360	7300	8570	18230		
168	2	11	04	DO	2	2	ZZ	3	4890	8240	9440	22570		
168	3	95	01	DO	1	2	ZZ	3	1810	6260	7580	15650		
168	4	3	02	DO	1	2	ZZ	3	16100	4890	7080	28070		
168	5	7	03	ZZ	2	3	ZZ	3	3570	4550	6860	14980		
168	6	23	04	DO	2	2	PO	1	2140	2470	4390	9000		
168	7	127	01	ZZ	1	3	ZZ	3	2580	3790	6590	12960		
168	8	55	02	DO	1	2	ZZ	3	5710	2360	4560	12630		
168	9	103	03	DO	2	2	DO	2	3360	4450	6920	14730		
168	10	75	04	ZZ	2	3	ZZ	3	6090	3460	4670	14220		
168	11	67	01	PO	1	1	ZZ	3	1650	3620	7960	13230		
168	12	79	02	DO	1	2	ZZ	3	1870	1920	3350	7140		
168	13	63	03	PO	2	1	ZZ	3	2410	7690	10330	20430		
168	14	15	04	DO	2	2	ZZ	3	2140	2360	4610	9110		
168	15	111	01	ZZ	1	3	ZZ	3	2640	2200	4170	9010		
168	16	35	02	DO	1	2	DO	2	4230	4400	7690	16320		
168	17	71	03	ZZ	2	3	ZZ	3	1600	3850	6260	11710		
168	18	47	04	DO	2	2	ZZ	3	2030	50	8570	10650		
168	19	91	01	ZZ	1	3	ZZ	3	3190	2360	6040	11590		
168	20	87	02	DO	1	2	ZZ	3	2030	4550	7520	14100		
168	21	39	03	DO	2	2	ZZ	3	2190	4660	7800	14650		
168	22	107	04	DO	2	2	ZZ	3	1980	1970	6040	9990		
168	23	123	01	PO	1	1	PO	1	5440	8290	13670	27400		
168	24	83	02	DO	1	2	PO	1	2090	6860	27900	36850		
168	25	31	03	ZZ	2	3	DO	2	2300	3400	7580	13280		
168	26	19	04	DO	2	2	ZZ	3	1860	3130	4890	9880		
168	27	51	01	ZZ	1	3	ZZ	3	1700	12520	14830	29050		
168	28	59	02	DO	1	2	DO	2	7310	2480	6980	16770		
168	29	27	03	PO	2	1	PO	1	2030	6150	8460	16640		
168	30	115	04	DO	2	2	ZZ	3	2090	2250	4670	9010		
168	31	119	01	ZZ	1	3	DO	2	2810	2630	5760	11200		
168	32	99	02	DO	1	2	ZZ	3	9720	1920	5600	17240		
169	1	51	04	DO	2	2	ZZ	3	2910	4560	7750	15220		
169	2	27	01	PO	1	1	ZZ	3	2750	6150	11750	20650		
169	3	91	02	DO	1	2	DO	2	2690	5440	12310	20440		
169	4	3	03	PO	2	1	ZZ	3	7630	3400	15930	26960		
169	5	111	04	DO	2	2	ZZ	3	5000	25100	32070	62170		
169	6	23	01	PO	1	1	ZZ	3	3570	2690	11640	17900		
169	7	95	02	DO	1	2	PO	1	8070	12360	23780	44210		
169	8	15	03	ZZ	2	3	ZZ	3	3620	5940	14780	24340		
169	9	39	04	DO	2	2	DO	2	4120	14670	41580	60370		
169	10	71	01	PO	1	1	ZZ	3	8460	2850	21470	32780		
169	11	63	02	DO	1	2	PO	1	2910	13520	16920	33350		
169	12	43	03	PO	2	1	ZZ	3	5100	6380	20660	32140		
169	13	75	04	DO	2	2	PO	1	5760	8350	23240	37350		
169	14	19	01	PO	1	1	ZZ	3	2370	2200	13180	17750		
169	15	31	02	DO	1	2	ZZ	3	7200	3630	13020	23850		
169	16	127	03	ZZ	2	3	ZZ	3	8400	7250	11310	26960		
169	17	115	04	DO	2	2	PO	1	9120	5280	14390	28790		
169	18	11	01	PO	1	1	PO	1	4070	4510	14060	22640		
169	19	7	02	DO	1	2	ZZ	3	2250	9890	15440	27580		
169	20	103	03	PO	2	1	DO	2	14120	2800	27730	44650		
169	21	59	04	DO	2	2	PO	1	8680	5210	7790	21680		
169	22	107	01	PO	1	1	ZZ	3	6050	5270	19770	31090		
169	23	67	02	DO	1	2	ZZ	3	2910	6370	17630	26910		
169	24	79	03	ZZ	2	3	DO	2	10710	6980	26150	43840		
169	25	99	04	DO	2	2	DO	2	2530	4120	19500	26150		
169	26	55	01	PO	1	1	PO	1	2360	2360	24170	28890		
169	27	83	02	DO	1	2	PO	1	6200	10650	16700	33550		
169	28	87	03	PO	2	1	DO	2	2700	2740	10430	15870		
169	29	47	04	DO	2	2	PO	1	5220	12360	15380	32960		
169	30	119	01	PO	1	1	PO	1	8020	3400	17520	28940		
169	31	35	02	DO	1	2	ZZ	3	4230	4620	14230	23080		
169	32	123	03	PO	2	1	ZZ	3	11260	3950	9830	25040		
170	1	23	01	PO	1	1	ZZ	3	2260	4610	19380	26250		
170	2	115	02	DO	1	2	ZZ	3	6650	4060	16530	27240		
170	3	7	03	ZZ	2	3	ZZ	3	5770	16430	30430	52630		
170	4	55	04	DO	2	2	PO	1	5660	4290	14390	24340		
170	5	27	01	PO	1	1	ZZ	3	9450	3130	38670	51250		
170	6	111	02	DO	1	2	PO	1	3020	2630	9670	15320		
170	7	119	03	ZZ	2	3	ZZ	3	5220	3460	13560	22240		
170	8	19	04	DO	2	2	PO	1	7850	3740	9340	20930		
170	9	63	01	PO	1	1	ZZ	3	2300	5220	20930	28450		
170	10	103	02	PO	1	1	PO	1	4230	3680	15050	22960		
170	11	67	03	ZZ	2	3	ZZ	3	5870	5330	10880	22080		
170	12	31	04	DO	2	2	ZZ	3	3960	3130	20370	27460		
170	13	107	01	PO	1	1	PO	1	3190	2140	6590	11920		
170	14	91	02	DO	1	2	PO	1	3570	3350	7030	13950		
170	15	95	03	PO	2	1	PO	1	2690	2260	8080	13030		
170	16	35	04	DO	2	2	DO	2	2360	5050	40040	47450		
170	17	123	01	PO	1	1	ZZ	3	2200	3510	13950	19660		
170	18	79	02	DO	1	2	PO	1	3130	2800	22900	28830		
170	19	59	03	PO	2	1	ZZ	3	5110	2260	6760	14130		
170	20	15	04	DO	2	2	ZZ	3	3850	2470	10760	17080		
170	21	71	01	PO	1	1	PO	1	3460	3410	10880	17750		
170	22	11	02	DO	1	2	ZZ	3	2470	8290	31470	42230		
170	23	39	03	ZZ	2	3	PO	1	5440	13840	38390	57670		
170	24	127	04	DO	2	2	PO	1	5170	3240	21140	29550		
170	25	83	01	ZZ	1	3	ZZ	3	2040	4010	7140	13190		
170	26	51	02	DO	1	2	PO	1	2410	2470	12630	17510		
170	27	87	03	ZZ	2	3	ZZ	3	2140	4180	10000	16320		
170	28	3	04	DO	2	2	ZZ	3	3400	15480	24000	42880		
170	29	75	01	ZZ	1	3	PO	1	2480	5270	27460	35210		
170	30	47	02	DO	1	2	PO	1	3900	6590	27790	38280		
170	31	43	03	ZZ	2	3	PO	1	13670	7250	10380	31300		
170	32	99	04	DO	2	2	ZZ	3	3020	5270	25870	34160		
171	1	75	02	DO	1	2	DO	2	1320	2520	5930	9770		
171	2	63	03	ZZ	2	3	DO	2	2800	7300	9720	19820		
171	3	51	04	DO	2	2	ZZ	3	4840	3850	5220	13910		
171	4	7	01	PO	1	1	PO	1	2410	3130	7860	13400		
171	5	127	02	ZZ	1	3	DO	2	2530	4450	9330	16310		
171	6	115	03	PO	2	1	ZZ	3	1750	3080	6320	11150		
171	7	15	04	DO	2	2	ZZ	3	4510	4340	7030	15880		
171	8	23	01	PO	1	1	PO	1	10870	2360	6100	19330		
171	9	79	02	DO	1	2	PO	1	3130	1760	5550	10440		
171	10	83	03	ZZ	2	3	DO	2	3790	2690	4450	10930		
171	11	35	04	DO	2	2	PO	1	3570	2580	6480	12630		
171	12	31	01	ZZ	1	3	ZZ	3	1480	3350	7300	12130		
171	13	11	02	DO	1	2	PO	1	273910	2800	8460	285170		
171	14	3	03	PO	2	1	DO	2	3950	3350	5610	12910		
171	15	47	04	DO	2	2	ZZ	3	5880	2690	4340	12910		
171	16	119	01	PO	1	1	DO	2	2470	1980	5550	10000		
171	17	59	02	DO	1	2	ZZ	3	2090	1820	3900	7810		
171	18	87	03	PO	2	1	PO	1	12580	2090	7910	22580		
171	19	71	04	DO	2	2	DO	2	17080	2580	10050	29710		
171	20	67	01	PO	1	1	ZZ	3	1640	2200	6100	9940		
171	21	39	02	DO	1	2	ZZ	3	5820	2250	5710	13780		
171	22	27	03	PO	2	1	ZZ	3	1980	2470	10600	15050		
171	23	19	04	DO	2	2	PO	1	2310	1920	6700	10930		
171	24	123	01	ZZ	1	3	ZZ	3	3190	3900	5980	13070		
171	25	99	02	DO	1	2	DO	2	1650	2370	4670	8690		
171	26	55	03	PO	2	1	ZZ	3	1590	16650	19890	38130		
171	27	91	04	DO	2	2	ZZ	3	4290	2740	6970	14000		
171	28	107	01	ZZ	1	3	DO	2	3740	3240	5380	12360		
171	29	43	02	DO	1	2	PO	1	1650	2200	3570	7420		
171	30	111	03	PO	2	1	ZZ	3	1480	3840	7960	13280		
171	31	103	04	DO	2	2	PO	1	3240	1540	6040	10820		
171	32	95	01	ZZ	1	3	ZZ	3	27950	3190	4400	35540		
176	1	15	03	DO	2	2	PO	1	10847	2636	16405	29888		
176	2	43	04	DO	2	2	PO	1	2526	9530	142751	154807		
176	3	107	01	PO	1	1	DO	2	2266	3188	13754	19208		
176	4	71	02	DO	1	2	DO	2	311599	5535	29920	347054		
176	5	83	03	ZZ	2	3	ZZ	3	5953	6584	24337	36874		
176	6	31	04	DO	2	2	ZZ	3	3005	2746	8985	14736		
176	7	47	01	ZZ	1	3	PO	1	5365	2736	5569	13670		
176	8	127	02	DO	1	2	PO	1	8085	8309	38854	55248		
176	9	59	03	PO	2	1	ZZ	3	11738	5986	24226	41950		
176	10	39	04	ZZ	2	3	PO	1	8619	2607	6229	17455		
176	11	11	01	PO	1	1	PO	1	6049	6117	9834	22000		
176	12	119	02	DO	1	2	ZZ	3	6875	10118	13538	30531		
176	13	103	03	PO	2	1	PO	1	1874	5241	39621	46736		
176	14	7	04	DO	2	2	ZZ	3	4611	4439	15378	24428		
176	15	95	01	PO	1	1	PO	1	16541	4987	57530	79058		
176	16	115	02	DO	1	2	ZZ	3	2720	3374	9330	15424		
176	17	91	03	PO	2	1	PO	1	2224	4840	8247	15311		
176	18	99	04	DO	2	2	PO	1	6899	3678	14592	25169		
176	19	55	01	PO	1	1	PO	1	7582	1637	7599	16818		
176	20	27	02	DO	1	2	ZZ	3	2601	3780	42052	48433		
176	21	63	03	PO	2	1	PO	1	14767	3442	13212	31421		
176	22	87	04	DO	2	2	DO	2	2608	4165	33723	40496		
176	23	75	01	PO	1	1	PO	1	6316	2103	5695	14114		
176	24	23	02	DO	1	2	ZZ	3	16008	4473	27206	47687		
176	25	35	03	PO	2	1	DO	2	8398	3335	20708	32441		
176	26	67	04	DO	2	2	PO	1	1449	2053	16771	20273		
176	27	19	01	PO	1	1	PO	1	2101	4548	8164	14813		
176	28	3	02	DO	1	2	DO	2	6338	3328	7074	16740		
176	29	123	03	PO	2	1	PO	1	1580	5548	40200	47328		
176	30	51	04	DO	2	2	PO	1	36976	5040	15614	57630		
176	31	79	01	PO	1	1	PO	1	4493	3320	6490	14303		
176	32	111	02	ZZ	1	3	PO	1	2840	6515	12671	22026		
177	1	39	04	DO	2	2	ZZ	3	2684	2163	3095	7942		
177	2	95	01	PO	1	1	ZZ	3	2994	5118	9875	17987		
177	3	7	02	DO	1	2	DO	2	2453	3394	15372	21219		
177	4	15	03	DO	2	2	PO	1	15603	5217	7741	28561		
177	5	55	04	ZZ	2	3	ZZ	3	3665	2594	6329	12588		
177	6	103	01	PO	1	1	DO	2	6369	20579	24054	51002		
177	7	59	02	DO	1	2	ZZ	3	4477	4407	13740	22624		
177	8	99	03	PO	2	1	PO	1	5448	2113	8512	16073		
177	9	75	04	DO	2	2	ZZ	3	1582	3415	14291	19288		
177	10	67	01	PO	1	1	PO	1	2634	3275	6509	12418		
177	11	31	02	PO	1	1	DO	2	12518	4467	14491	31476		
177	12	119	03	PO	2	1	PO	1	8732	2473	15362	26567		
177	13	91	04	ZZ	2	3	ZZ	3	2934	3655	7000	13589		
177	14	47	01	PO	1	1	DO	2	1191	4807	15503	21501		
177	15	71	02	ZZ	1	3	PO	1	2534	10595	18176	31305		
177	16	19	03	PO	2	1	DO	2	9073	8442	11657	29172		
177	17	51	04	DO	2	2	DO	2	3054	4957	7070	15081		
177	18	79	01	PO	1	1	DO	2	5738	13739	18046	37523		
177	19	11	02	DO	1	2	ZZ	3	44724	7611	12508	64843		
177	20	35	03	ZZ	2	3	ZZ	3	4877	2413	14781	22071		
177	21	3	04	DO	2	2	DO	2	6269	9814	15442	31525		
177	22	83	01	PO	1	1	DO	2	2504	6970	17004	26478		
177	23	23	02	DO	1	2	PO	1	11957	5127	15552	32636		
177	24	43	03	ZZ	2	3	ZZ	3	3035	20	23834	26889		
177	25	111	04	DO	2	2	DO	2	4336	5348	13720	23404		
177	26	63	01	PO	1	1	DO	2	5929	2313	8642	16884		
177	27	87	02	DO	1	2	DO	2	9874	4237	12128	26239		
177	28	123	03	ZZ	2	3	ZZ	3	2324	1812	3114	7250		
177	29	27	04	PO	2	1	PO	1	8763	6159	16193	31115		
177	30	115	01	PO	1	1	PO	1	2874	10425	16674	29973		
177	31	127	02	DO	1	2	DO	2	6600	2684	5458	14742		
177	32	107	03	PO	2	1	PO	1	5939	5178	10155	21272		
179	1	107	02	DO	1	2	PO	1	2360	5500	13520	21380		
179	2	27	03	ZZ	2	3	PO	1	3190	6370	8020	17580		
179	3	71	04	DO	2	2	DO	2	2640	5050	6640	14330		
179	4	115	01	PO	1	1	PO	1	4840	2580	5050	12470		
179	5	15	02	DO	1	2	PO	1	3740	11980	15490	31210		
179	6	51	03	PO	2	1	DO	2	4400	3790	9010	17200		
179	7	87	04	DO	2	2	ZZ	3	2470	2800	5330	10600		
179	8	83	01	PO	1	1	PO	1	6320	2480	4290	13090		
179	9	35	02	DO	1	2	PO	1	3410	3680	5980	13070		
179	10	75	03	PO	2	1	PO	1	4940	3780	5270	13990		
179	11	19	04	DO	2	2	ZZ	3	2190	3790	10390	16370		
179	12	119	01	ZZ	1	3	ZZ	3	3300	2970	5770	12040		
179	13	67	02	DO	1	2	PO	1	3900	3130	5930	12960		
179	14	59	03	PO	2	1	DO	2	2140	2470	6150	10760		
179	15	79	04	DO	2	2	ZZ	3	6870	5050	7250	19170		
179	16	55	01	PO	1	1	DO	2	10220	3460	6810	20490		
179	17	23	02	DO	1	2	PO	1	3630	4830	7630	16090		
179	18	63	03	ZZ	2	3	PO	1	9720	4670	12140	26530		
179	19	127	04	DO	2	2	PO	1	3680	2970	9720	16370		
179	20	103	01	PO	1	1	PO	1	1870	5330	7910	15110		
179	21	111	02	DO	1	2	PO	1	5440	7360	9390	22190		
179	22	7	03	PO	2	1	ZZ	3	2410	3630	6050	12090		
179	23	39	04	DO	2	2	PO	1	3410	3950	12960	20320		
179	24	3	01	PO	1	1	PO	1	3240	3900	8790	15930		
179	25	99	02	DO	1	2	DO	2	2420	4120	5600	12140		
179	26	47	03	PO	2	1	PO	1	2310	4620	6920	13850		
179	27	95	04	DO	2	2	PO	1	3240	4170	6810	14220		
179	28	11	01	DO	1	2	PO	1	22580	3570	4940	31090		
179	29	31	02	DO	1	2	DO	2	3240	4290	14450	21980		
179	30	91	03	PO	2	1	PO	1	2200	4670	8790	15660		
179	31	43	04	DO	2	2	DO	2	6920	2630	6480	16030		
179	32	123	01	PO	1	1	ZZ	3	2030	3740	8460	14230		
189	1	127	04	DO	2	2	DO	2	2080	5990	11760	19830		
189	2	115	01	PO	1	1	PO	1	3680	3020	8240	14940		
189	3	39	02	DO	1	2	DO	2	1650	2690	5270	9610		
189	4	31	03	DO	2	2	PO	1	8070	4610	8680	21360		
189	5	95	04	ZZ	2	3	DO	2	1430	5110	11700	18240		
189	6	11	01	PO	1	1	DO	2	2140	2690	4670	9500		
189	7	79	02	ZZ	1	3	ZZ	3	4120	12360	15430	31910		
189	8	71	03	PO	2	1	DO	2	7750	2800	10650	21200		
189	9	59	04	DO	2	2	ZZ	3	2800	2800	5660	11260		
189	10	123	01	PO	1	1	DO	2	4720	2750	8190	15660		
189	11	91	02	DO	1	2	DO	2	1430	2580	5930	9940		
189	12	75	03	PO	2	1	ZZ	3	1760	2300	6200	10260		
189	13	35	04	ZZ	2	3	PO	1	4120	5380	24770	34270		
189	14	3	01	ZZ	1	3	DO	2	2030	4610	6370	13010		
189	15	7	02	DO	1	2	ZZ	3	3790	11540	16970	32300		
189	16	83	03	PO	2	1	DO	2	2800	3290	7520	13610		
189	17	107	04	DO	2	2	DO	2	2140	2250	6870	11260		
189	18	67	01	PO	1	1	DO	2	2360	3570	8620	14550		
189	19	103	02	DO	1	2	DO	2	3240	1970	3620	8830		
189	20	55	03	PO	2	1	DO	2	2470	1920	14720	19110		
189	21	87	04	DO	2	2	DO	2	1980	3290	6920	12190		
189	22	43	01	PO	1	1	DO	2	3840	3240	6100	13180		
189	23	111	02	DO	1	2	DO	2	3020	2960	5880	11860		
189	24	47	03	ZZ	2	3	ZZ	3	2250	2800	11210	16260		
189	25	63	04	DO	2	2	DO	2	1650	2970	6150	10770		
189	26	99	01	PO	1	1	PO	1	2910	1760	7080	11750		
189	27	51	02	DO	1	2	PO	1	3300	1920	17570	22790		
189	28	15	03	ZZ	2	3	DO	2	1810	4510	7420	13740		
189	29	119	04	DO	2	2	PO	1	2800	4730	18730	26260		
189	30	19	01	PO	1	1	PO	1	2970	3300	4120	10390		
189	31	23	02	DO	1	2	DO	2	2250	2640	9450	14340		
189	32	27	03	ZZ	2	3	PO	1	2740	5770	10440	18950		
190	1	27	01	PO	1	1	ZZ	3	2090	12250	18560	32900		
190	2	95	02	ZZ	1	3	ZZ	3	3850	5220	9060	18130		
190	3	103	03	PO	2	1	ZZ	3	2260	11420	27840	41520		
190	4	67	04	DO	2	2	ZZ	3	6480	8070	39160	53710		
190	5	119	01	PO	1	1	ZZ	3	19610	10050	20540	50200		
190	6	19	02	DO	1	2	ZZ	3	2410	5110	8460	15980		
190	7	63	03	PO	2	1	PO	1	9500	3570	10110	23180		
190	8	59	04	DO	2	2	ZZ	3	4120	5330	9450	18900		
190	9	35	01	PO	1	1	DO	2	11580	3570	7310	22460		
190	10	87	02	DO	1	2	ZZ	3	9230	4340	7310	20880		
190	11	43	03	PO	2	1	ZZ	3	2910	7300	19110	29320		
190	12	15	04	DO	2	2	ZZ	3	2970	8460	14280	25710		
190	13	115	01	PO	1	1	PO	1	7750	3960	9230	20940		
190	14	11	02	DO	1	2	ZZ	3	6370	3790	9840	20000		
190	15	51	03	PO	2	1	ZZ	3	7360	3620	8840	19820		
190	16	123	04	DO	2	2	DO	2	5110	3900	13790	22800		
190	17	47	01	ZZ	1	3	DO	2	6210	5320	10430	21960		
190	18	79	02	DO	1	2	DO	2	3890	4400	15770	24060		
190	19	39	03	PO	2	1	ZZ	3	2480	4670	10760	17910		
190	20	99	04	ZZ	2	3	ZZ	3	4500	2960	5440	12900		
190	21	3	01	PO	1	1	ZZ	3	11590	3070	10540	25200		
190	22	31	02	DO	1	2	DO	2	5050	23900	28620	57570		
190	23	23	03	PO	2	1	PO	1	5930	3520	9950	19400		
190	24	91	04	DO	2	2	ZZ	3	8020	2910	8400	19330		
190	25	75	01	PO	1	1	ZZ	3	4780	10440	18240	33460		
190	26	111	02	DO	1	2	ZZ	3	2470	4610	7910	14990		
190	27	83	03	PO	2	1	PO	1	2470	3080	5490	11040		
190	28	7	04	DO	2	2	ZZ	3	13070	3080	5660	21810		
190	29	127	01	ZZ	1	3	DO	2	3250	3080	7520	13850		
190	30	55	02	DO	1	2	DO	2	8130	7470	30100	45700		
190	31	71	03	PO	2	1	ZZ	3	3240	5050	9890	18180		
190	32	107	04	DO	2	2	ZZ	3	2580	8080	19230	29890		
191	1	75	02	DO	1	2	ZZ	3	2700	6210	21910	30820		
191	2	55	03	ZZ	2	3	DO	2	4890	6760	8460	20110		
191	3	95	04	DO	2	2	PO	1	5490	4340	12690	22520		
191	4	99	01	PO	1	1	ZZ	3	4280	2800	11260	18340		
191	5	111	02	DO	1	2	ZZ	3	5060	4830	18830	28720		
191	6	59	03	PO	2	1	DO	2	2970	2590	10600	16160		
191	7	127	04	DO	2	2	PO	1	7200	6650	14830	28680		
191	8	71	01	PO	1	1	PO	1	5610	3130	17520	26260		
191	9	11	02	DO	1	2	ZZ	3	5990	11810	17900	35700		
191	10	23	03	ZZ	2	3	DO	2	4890	2850	8560	16300		
191	11	91	04	DO	2	2	PO	1	12240	5000	17750	34990		
191	12	43	01	ZZ	1	3	ZZ	3	7250	5990	10710	23950		
191	13	39	02	DO	1	2	PO	1	7470	4670	10600	22740		
191	14	31	03	PO	2	1	ZZ	3	1810	6590	11530	19930		
191	15	47	04	DO	2	2	PO	1	8290	9500	25650	43440		
191	16	123	01	PO	1	1	ZZ	3	10270	5440	10220	25930		
191	17	119	02	DO	1	2	DO	2	5550	7960	11090	24600		
191	18	15	03	PO	2	1	PO	1	5550	2740	17570	25860		
191	19	19	04	DO	2	2	PO	1	3020	2690	10210	15920		
191	20	63	01	PO	1	1	PO	1	5600	3400	8020	17020		
191	21	103	02	DO	1	2	DO	2	3290	5440	8410	17140		
191	22	83	03	PO	2	1	PO	1	8300	4340	10210	22850		
191	23	67	04	DO	2	2	ZZ	3	5320	13730	21040	40090		
191	24	115	01	ZZ	1	3	PO	1	3900	2640	4180	10720		
191	25	7	02	DO	1	2	PO	1	2970	3350	6480	12800		
191	26	107	03	PO	2	1	DO	2	3240	7580	14010	24830		
191	27	87	04	DO	2	2	ZZ	3	4880	4720	17910	27510		
191	28	35	01	PO	1	1	ZZ	3	11590	9170	12240	33000		
191	29	51	02	DO	1	2	PO	1	10760	3840	14010	28610		
191	30	27	03	ZZ	2	3	PO	1	3020	8020	10110	21150		
191	31	3	04	DO	2	2	PO	1	8730	5870	7910	22510		
191	32	79	01	PO	1	1	ZZ	3	4400	7030	34660	46090		
192	1	47	03	DO	2	2	ZZ	3	2030	3790	5930	11750		
192	2	107	04	DO	2	2	DO	2	1820	3190	4720	9730		
192	3	111	01	PO	1	1	ZZ	3	1920	1810	7140	10870		
192	4	91	02	DO	1	2	DO	2	2920	2750	4500	10170		
192	5	83	03	ZZ	2	3	DO	2	3460	3400	5600	12460		
192	6	55	04	DO	2	2	ZZ	3	5220	7570	9940	22730		
192	7	103	01	ZZ	1	3	ZZ	3	6540	6320	7640	20500		
192	8	11	02	DO	1	2	ZZ	3	6150	2850	4560	13560		
192	9	75	03	DO	2	2	ZZ	3	2370	1820	3020	7210		
192	10	67	04	PO	2	1	PO	1	2090	2140	3950	8180		
192	11	23	01	PO	1	1	ZZ	3	4830	4830	6810	16470		
192	12	15	02	DO	1	2	ZZ	3	1870	5050	6860	13780		
192	13	63	03	ZZ	2	3	ZZ	3	35320	4940	8670	48930		
192	14	123	04	DO	2	2	ZZ	3	6810	4290	5490	16590		
192	15	59	01	ZZ	1	3	ZZ	3	7800	2420	4670	14890		
192	16	39	02	DO	1	2	DO	2	2260	9280	12680	24220		
192	17	35	03	ZZ	2	3	ZZ	3	2860	2090	3570	8520		
192	18	95	04	DO	2	2	PO	1	2530	2150	5550	10230		
192	19	119	01	PO	1	1	DO	2	2910	1700	6920	11530		
192	20	43	02	DO	1	2	ZZ	3	5760	5430	9830	21020		
192	21	3	03	PO	2	1	DO	2	2580	3570	8080	14230		
192	22	31	04	DO	2	2	ZZ	3	2420	3240	5710	11370		
192	23	71	01	ZZ	1	3	ZZ	3	3240	1700	7690	12630		
192	24	87	02	DO	1	2	ZZ	3	5110	1920	3680	10710		
192	25	19	03	PO	2	1	DO	2	1870	1540	4620	8030		
192	26	7	04	DO	2	2	DO	2	1370	1650	4230	7250		
192	27	27	01	PO	1	1	ZZ	3	1540	2080	4610	8230		
192	28	115	02	DO	1	2	DO	2	2250	2360	4390	9000		
192	29	99	03	PO	2	1	DO	2	1380	2750	4940	9070		
192	30	79	04	DO	2	2	PO	1	1970	1810	5060	8840		
192	31	51	01	PO	1	1	PO	1	2250	1700	5660	9610		
192	32	127	02	DO	1	2	ZZ	3	3020	1750	3460	8230		
193	1	115	04	DO	2	2	ZZ	3	2420	4670	6750	13840		
193	2	119	01	PO	1	1	DO	2	3240	5490	7690	16420		
193	3	11	02	DO	1	2	ZZ	3	4500	8240	65140	77880		
193	4	39	03	PO	2	1	PO	1	5000	3620	6590	15210		
193	5	99	04	DO	2	2	DO	2	4120	11150	13620	28890		
193	6	83	01	PO	1	1	DO	2	7250	5000	13240	25490		
193	7	31	02	DO	1	2	ZZ	3	6920	9550	13340	29810		
193	8	111	03	ZZ	2	3	DO	2	5490	7580	12960	26030		
193	9	87	04	DO	2	2	ZZ	3	2800	3570	5770	12140		
193	10	23	01	PO	1	1	PO	1	3460	3190	5500	12150		
193	11	7	02	DO	1	2	DO	2	5220	5380	7470	18070		
193	12	63	03	PO	2	1	ZZ	3	2910	6970	9720	19600		
193	13	107	04	DO	2	2	PO	1	5940	6490	26420	38850		
193	14	35	01	ZZ	1	3	ZZ	3	3520	4670	6700	14890		
193	15	103	02	DO	1	2	PO	1	8190	8740	12030	28960		
193	16	91	03	PO	2	1	ZZ	3	5330	10430	14060	29820		
193	17	55	04	DO	2	2	PO	1	3290	5050	6760	15100		
193	18	19	01	PO	1	1	ZZ	3	3950	8020	23130	35100		
193	19	43	02	DO	1	2	ZZ	3	12740	3240	4830	20810		
193	20	59	03	PO	2	1	ZZ	3	3520	3020	8950	15490		
193	21	51	04	DO	2	2	PO	1	2860	69530	75850	148240		
193	22	15	01	PO	1	1	ZZ	3	3790	26310	32840	62940		
193	23	95	02	DO	1	2	PO	1	8290	3410	6600	18300		
193	24	71	03	PO	2	1	PO	1	1650	2740	9280	13670		
193	25	3	04	DO	2	2	DO	2	5610	2960	8450	17020		
193	26	27	01	PO	1	1	PO	1	2690	2740	7140	12570		
193	27	79	02	DO	1	2	ZZ	3	3410	3410	5550	12370		
193	28	75	03	ZZ	2	3	DO	2	6040	8790	24220	39050		
193	29	127	04	DO	2	2	PO	1	4390	60970	63440	128800		
193	30	47	01	PO	1	1	PO	1	2530	4830	7690	15050		
193	31	123	02	DO	1	2	ZZ	3	4610	3630	4950	13190		
193	32	67	03	PO	2	1	ZZ	3	3070	3790	10990	17850		
195	1	115	02	DO	1	2	ZZ	3	2140	7530	10820	20490		
195	2	47	03	ZZ	2	3	PO	1	2310	7360	22030	31700		
195	3	27	04	DO	2	2	PO	1	2530	3180	8180	13890		
195	4	83	01	PO	1	1	PO	1	8300	2580	8510	19390		
195	5	67	02	ZZ	1	3	ZZ	3	4560	8070	10760	23390		
195	6	19	03	PO	2	1	PO	1	6540	3130	6860	16530		
195	7	99	04	DO	2	2	ZZ	3	5160	3570	5270	14000		
195	8	51	01	PO	1	1	PO	1	4400	4720	7850	16970		
195	9	75	02	DO	1	2	DO	2	2580	3080	11650	17310		
195	10	7	03	PO	2	1	DO	2	14940	4500	12790	32230		
195	11	123	04	DO	2	2	ZZ	3	2250	5660	13460	21370		
195	12	43	01	PO	1	1	ZZ	3	2640	3460	19220	25320		
195	13	71	02	DO	1	2	PO	1	2310	3020	7080	12410		
195	14	23	03	PO	2	1	ZZ	3	2800	2250	15110	20160		
195	15	59	04	DO	2	2	ZZ	3	3570	10100	20430	34100		
195	16	79	01	PO	1	1	PO	1	9560	4340	20540	34440		
195	17	111	02	DO	1	2	ZZ	3	7420	5110	7470	20000		
195	18	63	03	ZZ	2	3	PO	1	3250	2310	3400	8960		
195	19	35	04	DO	2	2	PO	1	1810	9440	15320	26570		
195	20	87	01	PO	1	1	PO	1	2800	2690	15210	20700		
195	21	119	02	DO	1	2	ZZ	3	2260	5160	7410	14830		
195	22	3	03	PO	2	1	ZZ	3	3080	2910	9170	15160		
195	23	107	04	DO	2	2	PO	1	7580	7030	8900	23510		
195	24	127	01	PO	1	1	ZZ	3	2530	2420	6100	11050		
195	25	103	02	DO	1	2	PO	1	2360	3130	4500	9990		
195	26	91	03	PO	2	1	PO	1	2910	4450	19500	26860		
195	27	55	04	DO	2	2	PO	1	3900	5490	9230	18620		
195	28	15	01	PO	1	1	DO	2	2420	5610	13570	21600		
195	29	11	02	DO	1	2	DO	2	13950	2530	6270	22750		
195	30	95	03	PO	2	1	ZZ	3	2960	2580	8180	13720		
195	31	39	04	DO	2	2	PO	1	2250	5330	22520	30100		
195	32	31	01	PO	1	1	ZZ	3	3350	9500	12090	24940		
198	1	23	01	PO	1	1	ZZ	3	6150	10280	12310	28740		
198	2	71	02	DO	1	2	ZZ	3	2360	5490	12030	19880		
198	3	95	03	PO	2	1	ZZ	3	2690	2640	5170	10500		
198	4	103	04	DO	2	2	ZZ	3	4340	5160	7250	16750		
198	5	99	01	PO	1	1	DO	2	2750	2910	8670	14330		
198	6	27	02	DO	1	2	ZZ	3	2630	2590	3850	9070		
198	7	31	03	ZZ	2	3	ZZ	3	4290	3520	5930	13740		
198	8	67	04	DO	2	2	PO	1	3790	3790	6320	13900		
198	9	79	01	PO	1	1	ZZ	3	2960	3570	6100	12630		
198	10	15	02	DO	1	2	ZZ	3	3900	3290	5980	13170		
198	11	119	03	DO	2	2	ZZ	3	2750	2030	4340	9120		
198	12	75	04	DO	2	2	ZZ	3	2200	5540	11860	19600		
198	13	63	01	PO	1	1	ZZ	3	7080	3350	6320	16750		
198	14	111	02	DO	1	2	ZZ	3	3620	2850	4780	11250		
198	15	123	03	PO	2	1	ZZ	3	3080	3900	8130	15110		
198	16	55	04	DO	2	2	DO	2	4940	3570	5380	13890		
198	17	7	01	ZZ	1	3	ZZ	3	2410	3460	4780	10650		
198	18	43	02	DO	1	2	DO	2	3790	2860	5220	11870		
198	19	51	03	PO	2	1	DO	2	2920	2300	4220	9440		
198	20	47	04	DO	2	2	ZZ	3	2740	2140	3960	8840		
198	21	3	01	PO	1	1	ZZ	3	5060	2750	5600	13410		
198	22	127	02	DO	1	2	ZZ	3	2360	4010	6430	12800		
198	23	39	03	PO	2	1	DO	2	2150	3630	7850	13630		
198	24	19	04	DO	2	2	ZZ	3	2640	2580	4560	9780		
198	25	87	01	PO	1	1	ZZ	3	2690	3130	6040	11860		
198	26	35	02	DO	1	2	ZZ	3	2090	2960	4610	9660		
198	27	11	03	PO	2	1	ZZ	3	2690	2310	6590	11590		
198	28	115	04	DO	2	2	DO	2	4120	2800	5380	12300		
198	29	107	01	PO	1	1	PO	1	2310	3020	5880	11210		
198	30	59	02	DO	1	2	ZZ	3	2850	3080	8300	14230		
198	31	91	03	PO	2	1	ZZ	3	2030	3350	6870	12250		
198	32	83	04	DO	2	2	ZZ	3	3520	3240	10210	16970		
201	1	87	04	DO	2	2	ZZ	3	2960	2970	5330	11260		
201	2	39	01	PO	1	1	ZZ	3	6480	3020	4780	14280		
201	3	35	02	DO	1	2	ZZ	3	4390	3460	17910	25760		
201	4	63	03	PO	2	1	ZZ	3	4670	3570	33890	42130		
201	5	119	04	DO	2	2	ZZ	3	3300	4180	5990	13470		
201	6	19	01	PO	1	1	DO	2	2800	5880	10380	19060		
201	7	95	02	DO	1	2	PO	1	4780	11040	21200	37020		
201	8	107	03	PO	2	1	PO	1	6090	2970	6980	16040		
201	9	123	04	DO	2	2	PO	1	5540	5930	7530	19000		
201	10	99	01	PO	1	1	ZZ	3	3350	2960	7300	13610		
201	11	11	02	DO	1	2	ZZ	3	6540	3290	5380	15210		
201	12	79	03	PO	2	1	ZZ	3	4940	2530	6540	14010		
201	13	51	04	DO	2	2	PO	1	4560	4670	7140	16370		
201	14	23	01	PO	1	1	ZZ	3	3070	2420	4010	9500		
201	15	43	02	DO	1	2	ZZ	3	5380	7910	9560	22850		
201	16	71	03	PO	2	1	DO	2	3740	4830	6640	15210		
201	17	115	04	DO	2	2	PO	1	2040	2800	4940	9780		
201	18	103	01	PO	1	1	PO	1	4070	6810	11310	22190		
201	19	127	02	DO	1	2	DO	2	3730	9120	11430	24280		
201	20	31	03	PO	2	1	ZZ	3	4390	3410	7310	15110		
201	21	59	04	DO	2	2	PO	1	6090	2740	4010	12840		
201	22	111	01	PO	1	1	ZZ	3	3020	4500	15540	23060		
201	23	55	02	DO	1	2	PO	1	4120	2530	7580	14230		
201	24	7	03	ZZ	2	3	ZZ	3	3900	3290	5050	12240		
201	25	27	04	DO	2	2	DO	2	2810	5170	7250	15230		
201	26	67	01	PO	1	1	ZZ	3	7310	4780	7520	19610		
201	27	91	02	DO	1	2	ZZ	3	1820	2970	4940	9730		
201	28	15	03	ZZ	2	3	ZZ	3	3850	4070	5550	13470		
201	29	47	04	DO	2	2	DO	2	9610	8840	10600	29050		
201	30	75	01	PO	1	1	PO	1	2850	5320	14610	22780		
201	31	83	02	DO	1	2	DO	2	5770	2260	6980	15010		
201	32	3	03	ZZ	2	3	ZZ	3	7140	8840	10330	26310		
203	1	35	02	DO	1	2	ZZ	3	9143	7441	30454	47038		
203	2	115	03	ZZ	2	3	PO	1	10185	4998	27590	42773		
203	3	75	04	DO	2	2	ZZ	3	3204	3575	5027	11806		
203	4	71	01	PO	1	1	PO	1	33618	5978	7981	47577		
203	5	107	02	DO	1	2	ZZ	3	5968	10235	23324	39527		
203	6	87	03	PO	2	1	PO	1	5979	2724	8943	17646		
203	7	7	04	DO	2	2	ZZ	3	5949	3164	4426	13539		
203	8	31	01	PO	1	1	ZZ	3	2163	3465	8172	13800		
203	9	43	02	DO	1	2	DO	2	5207	9694	18797	33698		
203	10	83	03	ZZ	2	3	PO	1	15402	4787	25426	45615		
203	11	51	04	DO	2	2	PO	1	6970	9244	11076	27290		
203	12	11	01	ZZ	1	3	ZZ	3	3095	3505	5237	11837		
203	13	91	02	DO	1	2	ZZ	3	3976	4086	7190	15252		
203	14	39	03	PO	2	1	PO	1	11707	2013	7441	21161		
203	15	67	04	DO	2	2	PO	1	4606	5337	11817	21760		
203	16	27	01	PO	1	1	ZZ	3	3174	8031	15362	26567		
203	17	23	02	ZZ	1	3	PO	1	4306	12327	28781	45414		
203	18	63	03	PO	2	1	ZZ	3	5628	3826	24566	34020		
203	19	111	04	DO	2	2	ZZ	3	2694	2433	30463	35590		
203	20	15	01	PO	1	1	ZZ	3	4547	4186	6309	15042		
203	21	55	02	DO	1	2	DO	2	15582	33108	34390	83080		
203	22	103	03	ZZ	2	3	ZZ	3	52415	2293	30584	85292		
203	23	95	04	DO	2	2	ZZ	3	2985	11897	17905	32787		
203	24	19	01	ZZ	1	3	ZZ	3	4417	5007	10685	20109		
203	25	59	02	DO	1	2	ZZ	3	5709	3194	8772	17675		
203	26	127	03	ZZ	2	3	PO	1	4636	10214	15953	30803		
203	27	3	04	DO	2	2	ZZ	3	3425	5848	13549	22822		
203	28	99	01	DO	1	2	ZZ	3	13078	7411	8803	29292		
203	29	79	02	PO	1	1	PO	1	6599	8943	49922	65464		
203	30	119	03	ZZ	2	3	PO	1	6079	3806	15212	25097		
203	31	47	04	DO	2	2	ZZ	3	5238	5328	18286	28852		
203	32	123	01	ZZ	1	3	ZZ	3	2763	14541	97701	115005		
204	1	27	03	ZZ	2	3	ZZ	3	2750	6380	13020	22150		
204	2	71	04	DO	2	2	DO	2	6380	42230	45580	94190		
204	3	95	01	PO	1	1	DO	2	3350	3630	5220	12200		
204	4	19	02	DO	1	2	PO	1	5490	48610	65090	119190		
204	5	59	03	ZZ	2	3	ZZ	3	5000	3680	6590	15270		
204	6	103	04	DO	2	2	DO	2	2310	1870	3290	7470		
204	7	3	01	ZZ	1	3	ZZ	3	6370	19940	23730	50040		
204	8	51	02	DO	1	2	PO	1	3350	8070	10820	22240		
204	9	123	03	DO	2	2	DO	2	5500	14610	20480	40590		
204	10	31	04	DO	2	2	DO	2	10220	2520	11910	24650		
204	11	99	01	PO	1	1	DO	2	27140	2740	5540	35420		
204	12	7	02	DO	1	2	ZZ	3	3730	11090	43610	58430		
204	13	43	03	ZZ	2	3	PO	1	3950	2800	11480	18230		
204	14	107	04	DO	2	2	DO	2	2530	5990	7470	15990		
204	15	55	01	ZZ	1	3	ZZ	3	2910	3630	6700	13240		
204	16	79	02	DO	1	2	DO	2	2740	18450	20490	41680		
204	17	119	03	PO	2	1	PO	1	7030	4060	7580	18670		
204	18	15	04	DO	2	2	PO	1	8950	6860	10160	25970		
204	19	75	01	ZZ	1	3	DO	2	3190	9220	11420	23830		
204	20	91	02	DO	1	2	ZZ	3	2040	5220	7360	14620		
204	21	63	03	PO	2	1	DO	2	8850	2750	4830	16430		
204	22	83	04	DO	2	2	ZZ	3	2470	24610	26040	53120		
204	23	39	01	PO	1	1	PO	1	3900	2970	7800	14670		
204	24	23	02	DO	1	2	ZZ	3	4070	3460	5160	12690		
204	25	35	03	PO	2	1	DO	2	2590	2360	11580	16530		
204	26	67	04	DO	2	2	DO	2	2360	2300	4340	9000		
204	27	11	01	PO	1	1	ZZ	3	2360	4060	66680	73100		
204	28	47	02	DO	1	2	DO	2	2420	5060	8790	16270		
204	29	87	03	PO	2	1	PO	1	5430	52780	54650	112860		
204	30	127	04	DO	2	2	PO	1	2860	9560	15330	27750		
204	31	111	01	PO	1	1	DO	2	4450	2470	4720	11640		
204	32	115	02	DO	1	2	ZZ	3	1920	2910	6040	10870		
206	1	19	01	PO	1	1	ZZ	3	3730	4830	6590	15150		
206	2	43	02	DO	1	2	DO	2	7250	2530	3850	13630		
206	3	11	03	PO	2	1	DO	2	2580	3350	5660	11590		
206	4	31	04	DO	2	2	PO	1	14890	10000	11420	36310		
206	5	123	01	PO	1	1	ZZ	3	2080	2860	9510	14450		
206	6	79	02	DO	1	2	DO	2	8290	7800	9010	25100		
206	7	75	03	ZZ	2	3	ZZ	3	7530	5220	7910	20660		
206	8	63	04	ZZ	2	3	ZZ	3	8290	10220	14010	32520		
206	9	59	01	PO	1	1	DO	2	2580	5550	8020	16150		
206	10	51	02	DO	1	2	ZZ	3	7640	2190	3070	12900		
206	11	95	03	DO	2	2	DO	2	15490	2750	4620	22860		
206	12	115	04	DO	2	2	ZZ	3	2580	6750	8510	17840		
206	13	87	01	ZZ	1	3	ZZ	3	5820	3950	5000	14770		
206	14	23	02	DO	1	2	ZZ	3	5760	2630	3460	11850		
206	15	119	03	PO	2	1	PO	1	7080	5770	7800	20650		
206	16	107	04	DO	2	2	ZZ	3	3240	27900	32570	63710		
206	17	15	01	PO	1	1	DO	2	10490	5600	6980	23070		
206	18	103	02	DO	1	2	ZZ	3	4070	54480	55030	113580		
206	19	99	03	PO	2	1	ZZ	3	1920	3350	5050	10320		
206	20	71	04	DO	2	2	ZZ	3	4060	3140	3740	10940		
206	21	35	01	PO	1	1	DO	2	5050	3460	4730	13240		
206	22	91	02	DO	1	2	ZZ	3	2140	2750	3850	8740		
206	23	7	03	DO	2	2	ZZ	3	2360	3680	4670	10710		
206	24	47	04	DO	2	2	ZZ	3	4120	2040	5060	11220		
206	25	67	01	PO	1	1	DO	2	9890	3960	7360	21210		
206	26	3	02	DO	1	2	DO	2	7520	2410	3460	13390		
206	27	55	03	PO	2	1	ZZ	3	3680	6270	9290	19240		
206	28	39	04	DO	2	2	DO	2	5870	4940	7250	18060		
206	29	83	01	PO	1	1	PO	1	8070	3020	5440	16530		
206	30	111	02	DO	1	2	ZZ	3	4510	2530	5270	12310		
206	31	27	03	PO	2	1	ZZ	3	6530	8510	10990	26030		
206	32	127	04	DO	2	2	ZZ	3	1920	10540	15980	28440		
